lateral	-38.5	-37.5	-36.5	-35.5	-34.5	-33.5	-32.5	-31.5	-30.5	-29.5	-28.5	-27.5	-26.5	-25.5	-24.5	-23.5	-22.5	-21.5	-20.5	-19.5	-18.5	-17.5	-16.5	-15.5	-14.5	-13.5	-12.5	-11.5	-10.5	-9.5	-8.5	-7.5	-6.5	-5.5	-4.5	-3.5	-2.5	-1.5	-0.5	0.5	1.5	2.5	3.5	4.5	5.5	6.5	7.5	8.5	9.5	10.5	11.5	12.5	13.5	14.5	15.5	16.5	17.5	18.5	19.5	20.5	21.5	22.5	23.5	24.5	25.5	26.5	27.5	28.5	29.5	30.5	31.5	32.5	33.5	34.5	35.5
DFB	mm	mm	mm	mm	mm	mm	mm	mm	mm	mm	mm	mm	mm	mm	mm	mm	mm	mm	mm	mm	mm	mm	mm	mm	mm	mm	mm	mm	mm	mm	mm	mm	mm	mm	mm	mm	mm	mm	mm	mm	mm	mm	mm	mm	mm	mm	mm	mm	mm	mm	mm	mm	mm	mm	mm	mm	mm	mm	mm	mm	mm	mm	mm	mm	mm	mm	mm	mm	mm	mm	mm	mm	mm	mm	mm
mm																																																																											
-5	-1	-1	-1	-1	-1	-1	-1	-1	-1	-1	-1	-1	-1	-1	-1	-1	-1	-1	-1	-1	-1	-1	-1	-1	-1	-1	-1	-1	812.099	-1	924.057	-1	-1	-1	-1	-1	-1	-1	-1	-1	-1	-1	-1	-1	-1	-1	-1	924.057	-1	812.099	-1	-1	-1	-1	-1	-1	-1	-1	-1	-1	-1	-1	-1	-1	-1	-1	-1	-1	-1	-1	-1	-1	-1	-1	-1
-4	-1	-1	-1	-1	-1	-1	-1	-1	-1	-1	-1	-1	-1	-1	-1	-1	-1	-1	-1	-1	-1	-1	-1	-1	-1	-1	-1	1140.213	-1	-1	-1	-1	-1	-1	-1	-1	-1	-1	-1	-1	-1	-1	-1	-1	-1	-1	-1	-1	-1	-1	1140.213	-1	-1	-1	-1	-1	-1	-1	-1	-1	-1	-1	-1	-1	-1	-1	-1	-1	-1	-1	-1	-1	-1	-1	-1
-3	-1	-1	-1	-1	-1	-1	-1	-1	-1	-1	-1	-1	-1	-1	-1	-1	-1	-1	-1	-1	-1	-1	-1	-1	-1	-1	-1	-1	-1	-1	-1	-1	-1	-1	-1	-1	-1	-1	-1	-1	-1	-1	-1	-1	-1	-1	-1	-1	-1	-1	-1	-1	-1	-1	-1	-1	-1	-1	-1	-1	-1	-1	-1	-1	-1	-1	-1	-1	-1	-1	-1	-1	-1	-1	-1
-2	-1	-1	-1	-1	-1	-1	-1	-1	-1	-1	-1	-1	-1	1299.086	1297.801	1350.34	1365.527	-1	-1	-1	-1	-1	-1	-1	-1	-1	-1	-1	-1	-1	-1	-1	-1	-1	-1	-1	-1	-1	-1	-1	-1	-1	-1	-1	-1	-1	-1	-1	-1	-1	-1	-1	-1	-1	-1	-1	-1	-1	-1	-1	-1	1365.527	1350.34	1297.801	1299.086	-1	-1	-1	-1	-1	-1	-1	-1	-1	-1
-1	-1	-1	-1	-1	-1	-1	-1	-1	-1	-1	-1	-1	-1	-1	1195.235	1284.838	1419.85	1347.144	-1	-1	-1	-1	-1	-1	-1	-1	-1	-1	-1	-1	-1	-1	-1	-1	-1	-1	-1	-1	-1	-1	-1	-1	-1	-1	-1	-1	-1	-1	-1	-1	-1	-1	-1	-1	-1	-1	-1	-1	-1	-1	1347.144	1419.85	1284.838	1195.235	-1	-1	-1	-1	-1	-1	-1	-1	-1	-1	-1
0	-1	-1	-1	-1	-1	-1	-1	-1	-1	-1	-1	1119.2	1090.915	1042.339	1038.454	1108.409	955.829	1002.232	1009.81	1134.513	-1	-1	-1	-1	-1	-1	-1	-1	-1	-1	-1	-1	-1	-1	-1	-1	-1	-1	-1	-1	-1	-1	-1	-1	-1	-1	-1	-1	-1	-1	-1	-1	-1	-1	-1	-1	-1	-1	1134.513	1009.81	1002.232	955.829	1108.409	1038.454	1042.339	1090.915	1119.2	-1	-1	-1	-1	-1	-1	-1	-1
1	-1	-1	-1	-1	-1	-1	-1	-1	-1	-1	954.645	-1	1013.749	-1	-1	-1	-1	-1	-1	-1	-1	-1	-1	-1	-1	-1	-1	-1	-1	-1	-1	-1	-1	-1	-1	-1	-1	-1	-1	-1	-1	-1	-1	-1	-1	-1	-1	-1	-1	-1	-1	-1	-1	-1	-1	-1	-1	-1	-1	-1	-1	-1	-1	-1	-1	1013.749	-1	954.645	-1	-1	-1	-1	-1	-1	-1
2	-1	-1	-1	-1	-1	-1	-1	-1	-1	-1	-1	-1	-1	-1	-1	-1	-1	-1	-1	-1	-1	-1	-1	1056.786	1075.398	1096.033	-1	-1	-1	-1	-1	1054.011	1239.861	1385.525	1520.551	1615.902	1650.862	1609.483	1505.805	1505.805	1609.483	1650.862	1615.902	1520.551	1385.525	1239.861	1054.011	-1	-1	-1	-1	-1	1096.033	1075.398	1056.786	-1	-1	-1	-1	-1	-1	-1	-1	-1	-1	-1	-1	-1	-1	-1	-1	-1	-1	-1	-1
3	-1	1082.711	-1	-1	-1	-1	-1	-1	-1	-1	-1	-1	-1	-1	-1	-1	-1	-1	-1	-1	-1	-1	-1	1104.783	1106.551	1100.547	1156.559	1133.759	1170.175	1218.681	1199.072	1348.063	1643.12	1794.006	2006.45	-1	-1	2094.245	1912.782	1912.782	2094.245	-1	-1	2006.45	1794.006	1643.12	1348.063	1199.072	1218.681	1170.175	1133.759	1156.559	1100.547	1106.551	1104.783	-1	-1	-1	-1	-1	-1	-1	-1	-1	-1	-1	-1	-1	-1	-1	-1	-1	-1	-1	-1
4	-1	-1	-1	-1	-1	-1	-1	-1	-1	-1	-1	-1	-1	-1	-1	-1	-1	-1	-1	-1	-1	-1	1221.115	1441.75	1560.821	1569.842	1676.717	1637.745	1649.803	1607.604	1712.35	1782.807	2035.719	2126.75	2221.736	2304.877	2317.64	2259.6	2188.19	2188.19	2259.6	2317.64	2304.877	2221.736	2126.75	2035.719	1782.807	1712.35	1607.604	1649.803	1637.745	1676.717	1569.842	1560.821	1441.75	1221.115	-1	-1	-1	-1	-1	-1	-1	-1	-1	-1	-1	-1	-1	-1	-1	-1	-1	-1	-1
5	-1	-1	-1	-1	-1	-1	-1	-1	-1	-1	-1	-1	-1	-1	-1	-1	-1	-1	-1	1211.039	1507.22	1771.795	2165.133	2212.36	2232.898	2133.047	2086.501	2041.68	2072.401	2045.736	2163.531	2092.929	2181.133	2150.101	2145.643	2138.754	2135.228	2134.791	2131.602	2131.602	2134.791	2135.228	2138.754	2145.643	2150.101	2181.133	2092.929	2163.531	2045.736	2072.401	2041.68	2086.501	2133.047	2232.898	2212.36	2165.133	1771.795	1507.22	1211.039	-1	-1	-1	-1	-1	-1	-1	-1	-1	-1	-1	-1	-1	-1	-1	-1
6	-1	-1	-1	-1	-1	-1	-1	-1	-1	-1	-1	-1	-1	1032.226	1056.969	1093.729	1194.084	1295.888	1448.26	1560.849	1742.162	1816.302	1899.794	1928.925	1976.953	1963.327	2023.282	2019.289	2058.995	2051.766	2078.025	2069.148	2099.844	2095.989	2101.236	2107.932	2107.458	2099.792	2093.564	2093.564	2099.792	2107.458	2107.932	2101.236	2095.989	2099.844	2069.148	2078.025	2051.766	2058.995	2019.289	2023.282	1963.327	1976.953	1928.925	1899.794	1816.302	1742.162	1560.849	1448.26	1295.888	1194.084	1093.729	1056.969	1032.226	-1	-1	-1	-1	-1	-1	-1	-1	-1	-1
7	-1	-1	-1	-1	-1	-1	-1	-1	-1	-1	-1	-1	-1	1139.694	1180.392	1368.83	1510.877	1608.038	1721.504	1764.513	1835.517	1880.451	1921.307	1956.115	1996.062	2022.825	2063.072	2088.914	2113.962	2119.739	2125.311	2118.559	2148.644	2130.667	2129.639	2132.081	2129.772	2122.734	2119.277	2119.277	2122.734	2129.772	2132.081	2129.639	2130.667	2148.644	2118.559	2125.311	2119.739	2113.962	2088.914	2063.072	2022.825	1996.062	1956.115	1921.307	1880.451	1835.517	1764.513	1721.504	1608.038	1510.877	1368.83	1180.392	1139.694	-1	-1	-1	-1	-1	-1	-1	-1	-1	-1
8	-1	-1	-1	-1	-1	-1	-1	-1	-1	-1	-1	-1	-1	1024.185	1298.167	1385.258	1582.976	1685.633	1779.866	1852.22	1915.051	1953.056	1992.875	2029.451	2060.224	2079.528	2111.193	2114.989	2146.576	2158.269	2182.059	2158.046	2189.001	2177.738	2177.643	2178.741	2177.251	2173.179	2170.414	2170.414	2173.179	2177.251	2178.741	2177.643	2177.738	2189.001	2158.046	2182.059	2158.269	2146.576	2114.989	2111.193	2079.528	2060.224	2029.451	1992.875	1953.056	1915.051	1852.22	1779.866	1685.633	1582.976	1385.258	1298.167	1024.185	-1	-1	-1	-1	-1	-1	-1	-1	-1	-1
9	-1	-1	-1	-1	-1	-1	-1	-1	-1	-1	-1	1381.384	923.858	1373.041	1476.201	1593.324	1714.837	1786.081	1850.894	1900.615	1945.849	1987.741	2023.128	2063.618	2100.396	2118.909	2152.925	2186.902	2209.677	2237.153	2253.749	2246.334	2326.263	2328.549	2348.102	2366.673	2367.182	2349.338	2330.066	2330.066	2349.338	2367.182	2366.673	2348.102	2328.549	2326.263	2246.334	2253.749	2237.153	2209.677	2186.902	2152.925	2118.909	2100.396	2063.618	2023.128	1987.741	1945.849	1900.615	1850.894	1786.081	1714.837	1593.324	1476.201	1373.041	923.858	1381.384	-1	-1	-1	-1	-1	-1	-1	-1
10	-1	-1	-1	-1	-1	-1	-1	-1	-1	-1	-1	1146.661	1337.261	1449.715	1587.867	1670.307	1753.206	1817.608	1877.491	1927.981	1974.822	2023.436	2061.52	2104.691	2149.145	2191.373	2245.119	2330.285	2434.13	-1	-1	-1	-1	-1	-1	2379.486	2372.822	-1	-1	-1	-1	2372.822	2379.486	-1	-1	-1	-1	-1	-1	2434.13	2330.285	2245.119	2191.373	2149.145	2104.691	2061.52	2023.436	1974.822	1927.981	1877.491	1817.608	1753.206	1670.307	1587.867	1449.715	1337.261	1146.661	-1	-1	-1	-1	-1	-1	-1	-1
11	-1	-1	-1	-1	-1	-1	-1	-1	-1	1478.855	1279.769	1343.954	1413.63	1533.959	1628.605	1713.193	1782.16	1844.468	1905.86	1957.729	2007.263	2060.146	2115.153	2177.574	2239.979	2328.812	2438.372	-1	-1	-1	-1	-1	-1	-1	-1	-1	-1	-1	-1	-1	-1	-1	-1	-1	-1	-1	-1	-1	-1	-1	-1	2438.372	2328.812	2239.979	2177.574	2115.153	2060.146	2007.263	1957.729	1905.86	1844.468	1782.16	1713.193	1628.605	1533.959	1413.63	1343.954	1279.769	1478.855	-1	-1	-1	-1	-1	-1
12	-1	-1	-1	-1	-1	-1	-1	-1	-1	-1	1174.415	1319.302	1479.339	1584.605	1650.667	1737.757	1796.441	1864.037	1917.829	1979.896	2036.882	2103.355	2177.524	2292.989	-1	-1	-1	-1	-1	-1	-1	2303.011	-1	-1	-1	-1	-1	-1	-1	-1	-1	-1	-1	-1	-1	-1	2303.011	-1	-1	-1	-1	-1	-1	-1	2292.989	2177.524	2103.355	2036.882	1979.896	1917.829	1864.037	1796.441	1737.757	1650.667	1584.605	1479.339	1319.302	1174.415	-1	-1	-1	-1	-1	-1	-1
13	-1	1547.111	-1	-1	-1	-1	-1	-1	-1	1103.996	1347.82	1429.596	1551.633	1630.295	1681.767	1751.57	1797.725	1866.763	1925.354	1984.678	2054.554	2146.91	2223.078	-1	-1	-1	-1	-1	-1	-1	-1	-1	-1	-1	-1	-1	-1	-1	-1	-1	-1	-1	-1	-1	-1	-1	-1	-1	-1	-1	-1	-1	-1	-1	-1	2223.078	2146.91	2054.554	1984.678	1925.354	1866.763	1797.725	1751.57	1681.767	1630.295	1551.633	1429.596	1347.82	1103.996	-1	-1	-1	-1	-1	-1
14	-1	-1	-1	-1	-1	-1	-1	1305.552	1467.532	1368.47	1453.602	1497.167	1587.625	1647.359	1701.998	1744.957	1803.025	1851.903	1912.277	1963.933	2078.945	2177.033	-1	-1	-1	-1	-1	-1	-1	-1	-1	-1	-1	-1	-1	-1	-1	-1	-1	-1	-1	-1	-1	-1	-1	-1	-1	-1	-1	-1	-1	-1	-1	-1	-1	-1	2177.033	2078.945	1963.933	1912.277	1851.903	1803.025	1744.957	1701.998	1647.359	1587.625	1497.167	1453.602	1368.47	1467.532	1305.552	-1	-1	-1	-1
15	-1	-1	-1	-1	-1	-1	-1	1040.71	1006.184	1221.65	1401.845	1521.941	1577.256	1656.79	1696.377	1757.095	1792.155	1843.617	1896.879	1984.761	2088.354	-1	-1	-1	-1	-1	2049.125	2130.891	2080.408	-1	-1	-1	-1	-1	-1	-1	-1	-1	-1	-1	-1	-1	-1	-1	-1	-1	-1	-1	-1	2080.408	2130.891	2049.125	-1	-1	-1	-1	-1	2088.354	1984.761	1896.879	1843.617	1792.155	1757.095	1696.377	1656.79	1577.256	1521.941	1401.845	1221.65	1006.184	1040.71	-1	-1	-1	-1
16	-1	-1	-1	-1	-1	899.142	1030.417	1047.955	1288.49	1396.996	1445.604	1518.298	1601.79	1639.814	1685.352	1723.635	1774.04	1841.277	1918.303	2034.955	2095.505	-1	-1	-1	-1	-1	2020.45	-1	2103.83	-1	-1	-1	-1	-1	-1	-1	-1	-1	-1	-1	-1	-1	-1	-1	-1	-1	-1	-1	-1	2103.83	-1	2020.45	-1	-1	-1	-1	-1	2095.505	2034.955	1918.303	1841.277	1774.04	1723.635	1685.352	1639.814	1601.79	1518.298	1445.604	1396.996	1288.49	1047.955	1030.417	899.142	-1	-1
17	-1	-1	-1	1334.494	982.796	-1	1148.347	1167.012	1363.596	1496.632	1527.293	1546.984	1610.451	1664.228	1673.806	1733.13	1779.729	1820.568	1919.539	2032.377	-1	-1	-1	-1	-1	-1	1873.572	-1	-1	-1	-1	-1	-1	-1	-1	-1	-1	-1	-1	-1	-1	-1	-1	-1	-1	-1	-1	-1	-1	-1	-1	1873.572	-1	-1	-1	-1	-1	-1	2032.377	1919.539	1820.568	1779.729	1733.13	1673.806	1664.228	1610.451	1546.984	1527.293	1496.632	1363.596	1167.012	1148.347	-1	982.796	1334.494
18	-1	-1	-1	-1	-1	-1	1531.28	1220.226	1330.23	1408.253	1435.202	1515.649	1581.11	1610.364	1657.498	1690.488	1752.601	1832.893	1958.902	2083.687	-1	-1	-1	-1	-1	1951.91	-1	-1	-1	-1	-1	-1	-1	-1	-1	-1	-1	-1	-1	-1	-1	-1	-1	-1	-1	-1	-1	-1	-1	-1	-1	-1	1951.91	-1	-1	-1	-1	-1	2083.687	1958.902	1832.893	1752.601	1690.488	1657.498	1610.364	1581.11	1515.649	1435.202	1408.253	1330.23	1220.226	1531.28	-1	-1	-1
19	-1	-1	-1	-1	1317.945	1039.878	1101.855	1222.768	1343.692	1451.304	1483.284	1560.511	1552.175	1615.984	1626.511	1687.461	1722.524	1770.936	1862.963	-1	-1	-1	-1	-1	-1	1997.259	-1	-1	-1	-1	-1	-1	-1	-1	-1	-1	-1	-1	-1	-1	-1	-1	-1	-1	-1	-1	-1	-1	-1	-1	-1	-1	1997.259	-1	-1	-1	-1	-1	-1	1862.963	1770.936	1722.524	1687.461	1626.511	1615.984	1552.175	1560.511	1483.284	1451.304	1343.692	1222.768	1101.855	1039.878	1317.945	-1
20	-1	-1	-1	-1	-1	1306.438	1317.92	1439.618	1484.418	1437.811	1516.155	1511.801	1535.654	1569.332	1600.677	1652.583	1694.968	1767.561	-1	-1	-1	-1	-1	-1	1882.577	-1	1829.079	1975.44	-1	-1	-1	-1	-1	-1	-1	-1	-1	-1	-1	-1	-1	-1	-1	-1	-1	-1	-1	-1	-1	-1	1975.44	1829.079	-1	1882.577	-1	-1	-1	-1	-1	-1	1767.561	1694.968	1652.583	1600.677	1569.332	1535.654	1511.801	1516.155	1437.811	1484.418	1439.618	1317.92	1306.438	-1	-1
21	-1	-1	-1	-1	-1	1274.158	1341.587	1303.715	1365.784	1463.612	1465.668	1513.356	1556.722	1601.379	1639.731	1649.703	1656.873	1717.144	-1	-1	-1	-1	1865.608	-1	1829.179	1859.366	1867.023	-1	-1	-1	-1	-1	-1	-1	-1	-1	-1	-1	-1	-1	-1	-1	-1	-1	-1	-1	-1	-1	-1	-1	-1	1867.023	1859.366	1829.179	-1	1865.608	-1	-1	-1	-1	1717.144	1656.873	1649.703	1639.731	1601.379	1556.722	1513.356	1465.668	1463.612	1365.784	1303.715	1341.587	1274.158	-1	-1
22	-1	-1	-1	-1	-1	1303.616	1128.585	1314.36	1351.944	1435.984	1467.148	1489.725	1529.411	1571.224	1594.408	1659.873	1752.473	1670.767	-1	-1	-1	1813.045	1764.659	1654.109	1741.572	1740.776	1759.153	1851.985	1932.725	-1	-1	-1	-1	-1	-1	-1	-1	-1	-1	-1	-1	-1	-1	-1	-1	-1	-1	-1	-1	1932.725	1851.985	1759.153	1740.776	1741.572	1654.109	1764.659	1813.045	-1	-1	-1	1670.767	1752.473	1659.873	1594.408	1571.224	1529.411	1489.725	1467.148	1435.984	1351.944	1314.36	1128.585	1303.616	-1	-1
23	-1	-1	-1	-1	-1	1464.854	1443.342	1480.17	1433.143	1451.565	1434.218	1499.906	1515.8	1520.713	1491.016	1566.386	1579.623	1647.036	1705.99	-1	1719.43	1754.536	1718.663	1787.297	1754.178	1740.984	1735.246	1882.866	1867.773	-1	-1	-1	-1	-1	-1	-1	-1	-1	-1	-1	-1	-1	-1	-1	-1	-1	-1	-1	-1	1867.773	1882.866	1735.246	1740.984	1754.178	1787.297	1718.663	1754.536	1719.43	-1	1705.99	1647.036	1579.623	1566.386	1491.016	1520.713	1515.8	1499.906	1434.218	1451.565	1433.143	1480.17	1443.342	1464.854	-1	-1
24	-1	-1	-1	1394.206	1357.521	1523	1582.753	1518.967	1489.548	1551.316	1440.913	1455.789	1482.314	1489.432	1390.875	1412.135	1563.941	1531.597	1692.015	1756.395	1807.385	1870.313	1792.229	1861.848	1830.076	1806.218	1742.042	1770	1964.442	-1	-1	-1	-1	-1	-1	-1	-1	-1	-1	-1	-1	-1	-1	-1	-1	-1	-1	-1	-1	1964.442	1770	1742.042	1806.218	1830.076	1861.848	1792.229	1870.313	1807.385	1756.395	1692.015	1531.597	1563.941	1412.135	1390.875	1489.432	1482.314	1455.789	1440.913	1551.316	1489.548	1518.967	1582.753	1523	1357.521	1394.206
25	-1	-1	-1	-1	1434.864	1140.384	1158.415	1480.779	1323.175	1428.265	1421.383	1466.379	1550.492	1697.294	1659.936	1642.247	1498.529	1552.494	1679.192	1753.646	1818.943	1709.302	1625.875	1655.611	1746.604	1739.615	1702.97	1706.28	1779.798	-1	-1	-1	-1	-1	-1	-1	-1	-1	-1	-1	-1	-1	-1	-1	-1	-1	-1	-1	-1	1779.798	1706.28	1702.97	1739.615	1746.604	1655.611	1625.875	1709.302	1818.943	1753.646	1679.192	1552.494	1498.529	1642.247	1659.936	1697.294	1550.492	1466.379	1421.383	1428.265	1323.175	1480.779	1158.415	1140.384	1434.864	-1
26	-1	-1	-1	-1	-1	1499.926	1375.575	1065.176	1316.464	1365.037	1327.492	1343.499	1400.549	1444.508	1497.508	1477.047	1541.597	1602.138	1525.524	1757.591	1748.487	1734.857	1641.338	1704.084	1702.289	1739.443	1819.718	1880.302	-1	-1	1988.413	1986.256	-1	2006.186	1991.749	1982.749	1978.169	1978.304	1983.021	1983.021	1978.304	1978.169	1982.749	1991.749	2006.186	-1	1986.256	1988.413	-1	-1	1880.302	1819.718	1739.443	1702.289	1704.084	1641.338	1734.857	1748.487	1757.591	1525.524	1602.138	1541.597	1477.047	1497.508	1444.508	1400.549	1343.499	1327.492	1365.037	1316.464	1065.176	1375.575	1499.926	-1	-1
27	-1	-1	-1	-1	-1	-1	-1	-1	-1	1123.385	1191.956	1347.059	1433.014	1348.063	1565.618	1427.683	1537.343	1632.393	1632.368	-1	1715.835	1692.257	1655.01	1736.358	1617.334	1652.052	1579.63	1757.746	1747.019	-1	-1	-1	-1	-1	-1	-1	-1	-1	-1	-1	-1	-1	-1	-1	-1	-1	-1	-1	-1	1747.019	1757.746	1579.63	1652.052	1617.334	1736.358	1655.01	1692.257	1715.835	-1	1632.368	1632.393	1537.343	1427.683	1565.618	1348.063	1433.014	1347.059	1191.956	1123.385	-1	-1	-1	-1	-1	-1
28	-1	-1	-1	-1	-1	-1	-1	1103.869	1083.81	1136.902	1285.686	1320.441	1447.459	1654.925	1554.549	1511.78	1427.588	1229.485	1505.439	1387.391	1563.266	1607.308	1503.326	1530.723	1560.696	1615.2	1658.896	1680.125	1733.531	1947.96	-1	2015.567	-1	-1	-1	-1	-1	-1	-1	-1	-1	-1	-1	-1	-1	-1	2015.567	-1	1947.96	1733.531	1680.125	1658.896	1615.2	1560.696	1530.723	1503.326	1607.308	1563.266	1387.391	1505.439	1229.485	1427.588	1511.78	1554.549	1654.925	1447.459	1320.441	1285.686	1136.902	1083.81	1103.869	-1	-1	-1	-1
29	-1	-1	-1	-1	-1	-1	-1	-1	-1	-1	1161.398	1142.663	1548.803	1345.389	1402.558	1330.672	1298.216	1308.415	1486.298	-1	1737.938	1650.82	1623.365	1567.139	1588.024	1497.256	1644.965	1682.828	1642.745	1760.943	1830.608	-1	1933.03	1899.237	1872.696	1848.638	1846.667	1864.951	1882.79	1882.79	1864.951	1846.667	1848.638	1872.696	1899.237	1933.03	-1	1830.608	1760.943	1642.745	1682.828	1644.965	1497.256	1588.024	1567.139	1623.365	1650.82	1737.938	-1	1486.298	1308.415	1298.216	1330.672	1402.558	1345.389	1548.803	1142.663	1161.398	-1	-1	-1	-1	-1	-1	-1
30	-1	-1	-1	-1	-1	-1	-1	-1	-1	1303.778	-1	1344.958	1230.754	1300.254	1331.232	1357.265	1675.308	1580.246	-1	-1	1537.488	1490.087	1553.193	1495.529	1436.219	1641.113	1692.841	1734.084	1763.966	1805.04	1802.493	1864.632	1786.318	1739.113	1744.085	1778.441	1772.78	1727.542	1710.886	1710.886	1727.542	1772.78	1778.441	1744.085	1739.113	1786.318	1864.632	1802.493	1805.04	1763.966	1734.084	1692.841	1641.113	1436.219	1495.529	1553.193	1490.087	1537.488	-1	-1	1580.246	1675.308	1357.265	1331.232	1300.254	1230.754	1344.958	-1	1303.778	-1	-1	-1	-1	-1	-1
31	-1	1177.642	-1	1010.971	-1	-1	-1	-1	-1	-1	-1	-1	-1	1010.412	951.907	1120.335	1458.189	1505.965	1584.164	1658.536	1637.993	1610.763	1632.046	1621.474	1575.218	1388.622	1483.186	1496.954	1640.593	1736.959	1812.495	-1	1991.424	-1	-1	-1	-1	-1	-1	-1	-1	-1	-1	-1	-1	1991.424	-1	1812.495	1736.959	1640.593	1496.954	1483.186	1388.622	1575.218	1621.474	1632.046	1610.763	1637.993	1658.536	1584.164	1505.965	1458.189	1120.335	951.907	1010.412	-1	-1	-1	-1	-1	-1	-1	-1	-1	1010.971
32	-1	-1	-1	-1	-1	-1	-1	-1	-1	-1	-1	-1	-1	-1	1196.626	-1	1501.399	1377.432	-1	1539.77	1695.542	1585.635	1536.371	1562.208	1460.635	1483.859	1485.935	1708.368	1574.45	1681.427	1630.648	1613.394	1860.757	1794.589	1791.785	1802.13	1796.295	1775.158	1765.088	1765.088	1775.158	1796.295	1802.13	1791.785	1794.589	1860.757	1613.394	1630.648	1681.427	1574.45	1708.368	1485.935	1483.859	1460.635	1562.208	1536.371	1585.635	1695.542	1539.77	-1	1377.432	1501.399	-1	1196.626	-1	-1	-1	-1	-1	-1	-1	-1	-1	-1	-1
33	-1	-1	-1	-1	-1	-1	-1	-1	-1	-1	-1	1051.631	1286.007	1165.668	1185.81	1417.175	1399.547	1413.777	1389.285	1334.714	-1	1645.183	1533.788	1650.526	1699.346	1625.196	1500.23	1522.018	1513.348	1532.907	1484.505	1624.747	1720.929	1712.012	1728.8	1747.337	1745.804	1725.414	1707.907	1707.907	1725.414	1745.804	1747.337	1728.8	1712.012	1720.929	1624.747	1484.505	1532.907	1513.348	1522.018	1500.23	1625.196	1699.346	1650.526	1533.788	1645.183	-1	1334.714	1389.285	1413.777	1399.547	1417.175	1185.81	1165.668	1286.007	1051.631	-1	-1	-1	-1	-1	-1	-1	-1
34	-1	-1	-1	-1	-1	-1	-1	-1	-1	-1	-1	-1	1169.259	1109.731	887.755	-1	1003.147	1263.6	1296.079	-1	1607.122	1568.175	1560.817	1635.384	1583.435	1459.053	1422	1392.549	1473.416	1434.894	1292.765	1666.827	1514.275	1581.877	1614.974	1671.071	1679.261	1638.525	1621.193	1621.193	1638.525	1679.261	1671.071	1614.974	1581.877	1514.275	1666.827	1292.765	1434.894	1473.416	1392.549	1422	1459.053	1583.435	1635.384	1560.817	1568.175	1607.122	-1	1296.079	1263.6	1003.147	-1	887.755	1109.731	1169.259	-1	-1	-1	-1	-1	-1	-1	-1	-1
35	-1	-1	-1	-1	-1	-1	-1	-1	-1	-1	-1	-1	-1	1524.438	1496.639	1404.23	-1	-1	1578.291	-1	-1	1524.909	1538.189	1547.89	1443.207	1405.623	1389.825	1352.275	1486.683	1433.398	1466.444	1643.192	1697.959	1679.706	1687.922	1688.541	1686.566	1682.493	1671.476	1671.476	1682.493	1686.566	1688.541	1687.922	1679.706	1697.959	1643.192	1466.444	1433.398	1486.683	1352.275	1389.825	1405.623	1443.207	1547.89	1538.189	1524.909	-1	-1	1578.291	-1	-1	1404.23	1496.639	1524.438	-1	-1	-1	-1	-1	-1	-1	-1	-1	-1
36	-1	-1	-1	-1	-1	-1	-1	-1	-1	-1	-1	-1	-1	-1	-1	1303.427	1301.305	1467.951	1484.056	-1	-1	-1	-1	1560.255	1464.897	1604.516	1595.321	1458.961	1557.532	1643.383	1462.455	1618.384	1708.643	1686.726	1680.68	1669.623	1668.185	1675.778	1677.611	1677.611	1675.778	1668.185	1669.623	1680.68	1686.726	1708.643	1618.384	1462.455	1643.383	1557.532	1458.961	1595.321	1604.516	1464.897	1560.255	-1	-1	-1	-1	1484.056	1467.951	1301.305	1303.427	-1	-1	-1	-1	-1	-1	-1	-1	-1	-1	-1	-1
37	-1	-1	-1	-1	-1	-1	987.165	-1	-1	-1	-1	-1	-1	-1	1339.984	-1	1447.378	1271.252	-1	-1	-1	-1	-1	-1	-1	1519.969	1533.165	1509.283	1435.609	1407.801	1357.581	1613.054	1608.757	1656.645	1671.785	1675.314	1684.804	1697.792	1698.662	1698.662	1697.792	1684.804	1675.314	1671.785	1656.645	1608.757	1613.054	1357.581	1407.801	1435.609	1509.283	1533.165	1519.969	-1	-1	-1	-1	-1	-1	-1	1271.252	1447.378	-1	1339.984	-1	-1	-1	-1	-1	-1	-1	987.165	-1	-1	-1
38	-1	-1	-1	-1	-1	-1	-1	-1	-1	-1	-1	-1	944.788	-1	-1	-1	-1	-1	1397.598	-1	-1	-1	-1	-1	-1	1520.022	1479.414	1370.91	1337.425	1433.772	1280.264	1351.668	1481.258	1540.432	1568.234	1562.14	1567.042	1583.122	1569.54	1569.54	1583.122	1567.042	1562.14	1568.234	1540.432	1481.258	1351.668	1280.264	1433.772	1337.425	1370.91	1479.414	1520.022	-1	-1	-1	-1	-1	-1	1397.598	-1	-1	-1	-1	-1	944.788	-1	-1	-1	-1	-1	-1	-1	-1	-1
39	-1	-1	-1	-1	-1	-1	-1	-1	-1	-1	-1	-1	-1	-1	-1	-1	1330.376	-1	-1	-1	-1	-1	-1	-1	1468.069	1468.509	1393.389	1529.318	1413.428	1451.387	1378.839	1400.186	1486.596	1510.348	1519.436	1546.159	1546.793	1523.575	1519.354	1519.354	1523.575	1546.793	1546.159	1519.436	1510.348	1486.596	1400.186	1378.839	1451.387	1413.428	1529.318	1393.389	1468.509	1468.069	-1	-1	-1	-1	-1	-1	-1	1330.376	-1	-1	-1	-1	-1	-1	-1	-1	-1	-1	-1	-1	-1
40	-1	-1	-1	-1	-1	-1	-1	-1	-1	-1	-1	-1	-1	-1	1146.973	-1	-1	-1	-1	-1	-1	-1	-1	-1	-1	1456.617	-1	-1	-1	1420.006	-1	-1	1575.116	1547.021	1572.156	1604.797	1600.563	1565.014	1540.627	1540.627	1565.014	1600.563	1604.797	1572.156	1547.021	1575.116	-1	-1	1420.006	-1	-1	-1	1456.617	-1	-1	-1	-1	-1	-1	-1	-1	-1	-1	1146.973	-1	-1	-1	-1	-1	-1	-1	-1	-1	-1	-1
41	-1	-1	-1	-1	-1	-1	-1	-1	-1	-1	-1	-1	-1	-1	-1	-1	-1	-1	-1	-1	-1	-1	-1	-1	-1	1517.101	1451.122	1436.115	1452.535	1507.431	1383.381	1478.768	1481.423	1498.367	1527.491	1581.093	1580.578	1530.028	1505.79	1505.79	1530.028	1580.578	1581.093	1527.491	1498.367	1481.423	1478.768	1383.381	1507.431	1452.535	1436.115	1451.122	1517.101	-1	-1	-1	-1	-1	-1	-1	-1	-1	-1	-1	-1	-1	-1	-1	-1	-1	-1	-1	-1	-1	-1
42	-1	-1	-1	-1	-1	-1	-1	-1	-1	-1	-1	-1	-1	-1	-1	-1	897.511	-1	-1	-1	-1	-1	-1	-1	-1	1441.271	1423.82	-1	-1	-1	-1	1360.608	-1	1552.594	1592.458	1587.131	1585.611	1587.454	1551.214	1551.214	1587.454	1585.611	1587.131	1592.458	1552.594	-1	1360.608	-1	-1	-1	-1	1423.82	1441.271	-1	-1	-1	-1	-1	-1	-1	-1	897.511	-1	-1	-1	-1	-1	-1	-1	-1	-1	-1	-1	-1	-1
43	-1	-1	-1	-1	-1	-1	-1	-1	-1	1259.487	-1	-1	-1	-1	-1	-1	-1	980.641	-1	-1	-1	-1	-1	-1	-1	-1	-1	-1	1277.702	-1	-1	-1	-1	-1	-1	-1	-1	-1	-1	-1	-1	-1	-1	-1	-1	-1	-1	-1	-1	1277.702	-1	-1	-1	-1	-1	-1	-1	-1	-1	-1	980.641	-1	-1	-1	-1	-1	-1	-1	1259.487	-1	-1	-1	-1	-1	-1
44	-1	-1	-1	-1	-1	-1	-1	-1	-1	-1	-1	-1	-1	-1	-1	-1	-1	-1	-1	-1	-1	-1	-1	-1	-1	-1	-1	-1	-1	-1	-1	1020.184	-1	-1	-1	-1	-1	-1	-1	-1	-1	-1	-1	-1	-1	-1	1020.184	-1	-1	-1	-1	-1	-1	-1	-1	-1	-1	-1	-1	-1	-1	-1	-1	-1	-1	-1	-1	-1	-1	-1	-1	-1	-1	-1	-1
45	-1	-1	-1	-1	-1	-1	-1	-1	-1	-1	-1	-1	-1	-1	-1	-1	-1	-1	-1	-1	-1	-1	-1	-1	-1	-1	-1	-1	-1	-1	-1	-1	-1	-1	-1	-1	-1	-1	-1	-1	-1	-1	-1	-1	-1	-1	-1	-1	-1	-1	-1	-1	-1	-1	-1	-1	-1	-1	-1	-1	-1	-1	-1	-1	-1	-1	-1	-1	-1	-1	-1	-1	-1	-1	-1
