lateral	-38.5	-37.5	-36.5	-35.5	-34.5	-33.5	-32.5	-31.5	-30.5	-29.5	-28.5	-27.5	-26.5	-25.5	-24.5	-23.5	-22.5	-21.5	-20.5	-19.5	-18.5	-17.5	-16.5	-15.5	-14.5	-13.5	-12.5	-11.5	-10.5	-9.5	-8.5	-7.5	-6.5	-5.5	-4.5	-3.5	-2.5	-1.5	-0.5	0.5	1.5	2.5	3.5	4.5	5.5	6.5	7.5	8.5	9.5	10.5	11.5	12.5	13.5	14.5	15.5	16.5	17.5	18.5	19.5	20.5	21.5	22.5	23.5	24.5	25.5	26.5	27.5	28.5	29.5	30.5	31.5	32.5	33.5	34.5	35.5
DFB	mm	mm	mm	mm	mm	mm	mm	mm	mm	mm	mm	mm	mm	mm	mm	mm	mm	mm	mm	mm	mm	mm	mm	mm	mm	mm	mm	mm	mm	mm	mm	mm	mm	mm	mm	mm	mm	mm	mm	mm	mm	mm	mm	mm	mm	mm	mm	mm	mm	mm	mm	mm	mm	mm	mm	mm	mm	mm	mm	mm	mm	mm	mm	mm	mm	mm	mm	mm	mm	mm	mm	mm	mm	mm	mm
mm																																																																											
-5	2077.418	-1	-1	-1	-1	-1	-1	-1	-1	-1	-1	-1	-1	-1	-1	1572.852	1659.827	-1	-1	-1	-1	-1	-1	-1	-1	-1	-1	-1	-1	-1	-1	1424.954	-1	-1	825.618	1438.333	1432.162	1120.068	-1	-1	1120.068	1432.162	1438.333	825.618	-1	-1	1424.954	-1	-1	-1	-1	-1	-1	-1	-1	-1	-1	-1	-1	-1	-1	1659.827	1572.852	-1	-1	-1	-1	-1	-1	-1	-1	-1	-1	-1	-1
-4	1785.056	1851.126	1892.397	1882.964	1873.315	1944.633	1965.951	1765.532	1550.022	1721.553	1737.945	-1	1837.412	1518.841	1348.093	-1	-1	-1	-1	-1	-1	-1	-1	-1	-1	-1	-1	-1	-1	-1	1894.411	1821.171	1671.431	1751.48	1814.756	1794.108	1802.323	1837.134	1793.305	1793.305	1837.134	1802.323	1794.108	1814.756	1751.48	1671.431	1821.171	1894.411	-1	-1	-1	-1	-1	-1	-1	-1	-1	-1	-1	-1	-1	-1	-1	1348.093	1518.841	1837.412	-1	1737.945	1721.553	1550.022	1765.532	1965.951	1944.633	1873.315	1882.964
-3	2025.013	1837.972	1910.924	2012.412	-1	-1	-1	2003.55	1693.88	1479.023	1388.886	1336.761	1764.234	1624.74	1537.601	1813.783	-1	-1	-1	1641.46	1672.15	1572.613	-1	-1	-1	-1	-1	-1	-1	-1	-1	-1	-1	-1	-1	-1	-1	-1	-1	-1	-1	-1	-1	-1	-1	-1	-1	-1	-1	-1	-1	-1	-1	-1	-1	-1	1572.613	1672.15	1641.46	-1	-1	-1	1813.783	1537.601	1624.74	1764.234	1336.761	1388.886	1479.023	1693.88	2003.55	-1	-1	-1	2012.412
-2	1674.123	-1	-1	-1	-1	-1	-1	-1	-1	2031.698	1732.126	1646.793	1697.793	1088.863	981.857	1437.415	1732.925	1425.358	1418.622	-1	-1	-1	-1	-1	-1	-1	-1	-1	-1	-1	-1	-1	-1	-1	-1	-1	-1	-1	-1	-1	-1	-1	-1	-1	-1	-1	-1	-1	-1	-1	-1	-1	-1	-1	-1	-1	-1	-1	-1	1418.622	1425.358	1732.925	1437.415	981.857	1088.863	1697.793	1646.793	1732.126	2031.698	-1	-1	-1	-1	-1	-1
-1	2207.719	1644.512	1739.42	1868.986	1997.134	-1	-1	2063.724	1977.534	1373.05	1803.63	1378.782	1357.652	1257.54	1085.419	1217.81	1496.008	1519.843	1407.441	1658.21	-1	-1	-1	-1	-1	-1	-1	-1	-1	-1	-1	-1	-1	-1	-1	-1	-1	-1	-1	-1	-1	-1	-1	-1	-1	-1	-1	-1	-1	-1	-1	-1	-1	-1	-1	-1	-1	-1	1658.21	1407.441	1519.843	1496.008	1217.81	1085.419	1257.54	1357.652	1378.782	1803.63	1373.05	1977.534	2063.724	-1	-1	1997.134	1868.986
0	1242.862	1693.711	1715.007	1841.144	1889.708	-1	-1	1586.541	1914.021	1740.436	1927.194	1857.926	1400.686	1231.939	1194.977	1203.744	1150.981	1248.716	1398.858	1647.666	-1	-1	-1	-1	-1	-1	-1	-1	-1	-1	-1	-1	-1	-1	-1	-1	-1	-1	-1	-1	-1	-1	-1	-1	-1	-1	-1	-1	-1	-1	-1	-1	-1	-1	-1	-1	-1	-1	1647.666	1398.858	1248.716	1150.981	1203.744	1194.977	1231.939	1400.686	1857.926	1927.194	1740.436	1914.021	1586.541	-1	-1	1889.708	1841.144
1	1387.736	524.783	1160.885	1581.066	1792.911	1920.334	1972.532	-1	-1	-1	-1	1337.504	1575.512	1336.93	950.841	1331.081	1247.2	1291.189	1336.363	1307.015	1416.561	-1	-1	-1	-1	-1	-1	-1	-1	-1	-1	-1	-1	-1	-1	-1	-1	-1	-1	-1	-1	-1	-1	-1	-1	-1	-1	-1	-1	-1	-1	-1	-1	-1	-1	-1	-1	1416.561	1307.015	1336.363	1291.189	1247.2	1331.081	950.841	1336.93	1575.512	1337.504	-1	-1	-1	-1	1972.532	1920.334	1792.911	1581.066
2	-1	1253.835	1328.606	1393.2	1415.105	1423.175	1422.149	1136.989	1231.326	1395.519	1732.202	1699.407	1484.157	1225.186	1181.172	1123.611	1074.473	1004.794	919.16	782.884	908.197	1118.594	1065.575	591.108	1588.664	-1	1962.081	1617.978	1988.749	1846.804	1780.303	1940.6	1718.492	1938.471	2078.378	2219.877	2252.624	2182.541	2108.923	2108.923	2182.541	2252.624	2219.877	2078.378	1938.471	1718.492	1940.6	1780.303	1846.804	1988.749	1617.978	1962.081	-1	1588.664	591.108	1065.575	1118.594	908.197	782.884	919.16	1004.794	1074.473	1123.611	1181.172	1225.186	1484.157	1699.407	1732.202	1395.519	1231.326	1136.989	1422.149	1423.175	1415.105	1393.2
3	1246.084	868.07	978.774	1045.378	1079.815	1183.648	1298.277	1480.093	1380.122	1418.379	1727.25	1570.042	1217.433	1044.3	1033.754	1033.699	1040.946	1035.174	1040.221	1060.998	1082.355	1211.561	1267.174	1290.074	1487.866	1594.093	1731.392	1772.862	1741.546	1679.206	1786.176	1889.601	1887.546	2124.372	2274.389	2371.002	2410.52	2385.782	2296.507	2296.507	2385.782	2410.52	2371.002	2274.389	2124.372	1887.546	1889.601	1786.176	1679.206	1741.546	1772.862	1731.392	1594.093	1487.866	1290.074	1267.174	1211.561	1082.355	1060.998	1040.221	1035.174	1040.946	1033.699	1033.754	1044.3	1217.433	1570.042	1727.25	1418.379	1380.122	1480.093	1298.277	1183.648	1079.815	1045.378
4	1080.315	1348.226	1296.427	1278.827	1190.902	1087.205	1011.262	874.162	833.41	1017.59	1152.772	1154.53	1167.265	1112.796	1051.99	1094.163	1079.984	1102.606	1081.695	1080.77	1103.042	1175.903	1195.317	1276.187	1493.117	1637.533	1742.662	1830.217	1985.387	1732.846	1848.59	1761.211	1744.023	1750.453	1778.391	1832.647	1832.922	1780.109	1754.179	1754.179	1780.109	1832.922	1832.647	1778.391	1750.453	1744.023	1761.211	1848.59	1732.846	1985.387	1830.217	1742.662	1637.533	1493.117	1276.187	1195.317	1175.903	1103.042	1080.77	1081.695	1102.606	1079.984	1094.163	1051.99	1112.796	1167.265	1154.53	1152.772	1017.59	833.41	874.162	1011.262	1087.205	1190.902	1278.827
5	684.587	1007.979	994.921	1032.595	1041.035	1063.243	1101.929	1139.108	1160.659	1216.94	1266.184	1254.192	1232.007	1127.166	1052.076	1091.758	1104.016	1108.949	1194.041	1184.641	1241.198	1298.494	1386.831	1412.618	1691.104	1593.423	1720.729	1712.697	1787.72	1768.773	1860.653	1840.416	1933.517	1943.771	1960.537	1973.843	1974.509	1963.097	1949.255	1949.255	1963.097	1974.509	1973.843	1960.537	1943.771	1933.517	1840.416	1860.653	1768.773	1787.72	1712.697	1720.729	1593.423	1691.104	1412.618	1386.831	1298.494	1241.198	1184.641	1194.041	1108.949	1104.016	1091.758	1052.076	1127.166	1232.007	1254.192	1266.184	1216.94	1160.659	1139.108	1101.929	1063.243	1041.035	1032.595
6	1129.993	980.552	1023.575	1041.056	1084.182	1124.794	1153.609	1118.507	1095.52	1113.95	1164.11	1152.091	1205.341	1130.61	1142.704	1224.904	1227.672	1241.498	1282.209	1274.035	1337.111	1335.309	1479.886	1524.408	1676.496	1697.085	1795.837	1816.186	1866.078	1895.421	1939.45	1936.221	1982.328	1990.969	2002.252	2012.428	2013.207	2004.859	1995.866	1995.866	2004.859	2013.207	2012.428	2002.252	1990.969	1982.328	1936.221	1939.45	1895.421	1866.078	1816.186	1795.837	1697.085	1676.496	1524.408	1479.886	1335.309	1337.111	1274.035	1282.209	1241.498	1227.672	1224.904	1142.704	1130.61	1205.341	1152.091	1164.11	1113.95	1095.52	1118.507	1153.609	1124.794	1084.182	1041.056
7	1012.405	1127.841	1114.251	1118.497	1100.91	1084.391	1071.489	1092.744	1047.092	1046.872	1154.44	1207.45	1221.891	1218.314	1236.948	1263.592	1287.913	1337.999	1370.343	1381.228	1440.731	1489.529	1596.755	1658.03	1746.778	1808.665	1875.805	1920	1960.347	1984.835	2015.151	2016.343	2050.673	2049.69	2055.023	2059.604	2059.457	2054.622	2049.105	2049.105	2054.622	2059.457	2059.604	2055.023	2049.69	2050.673	2016.343	2015.151	1984.835	1960.347	1920	1875.805	1808.665	1746.778	1658.03	1596.755	1489.529	1440.731	1381.228	1370.343	1337.999	1287.913	1263.592	1236.948	1218.314	1221.891	1207.45	1154.44	1046.872	1047.092	1092.744	1071.489	1084.391	1100.91	1118.497
8	1022.395	1107.398	1089.634	1094.014	1086.648	1081.953	1083.169	1094.21	1138.625	1154.929	1170.35	1191.143	1228.375	1245.772	1263.867	1299.332	1332.383	1375.652	1426.882	1474.955	1560.279	1643.214	1727.164	1792.367	1864.736	1909.419	1956.002	1984.428	2013.315	2035.941	2058.096	2070.641	2094.518	2104.199	2114.437	2123.775	2125.091	2118.279	2110.42	2110.42	2118.279	2125.091	2123.775	2114.437	2104.199	2094.518	2070.641	2058.096	2035.941	2013.315	1984.428	1956.002	1909.419	1864.736	1792.367	1727.164	1643.214	1560.279	1474.955	1426.882	1375.652	1332.383	1299.332	1263.867	1245.772	1228.375	1191.143	1170.35	1154.929	1138.625	1094.21	1083.169	1081.953	1086.648	1094.014
9	1054.998	1058.635	1063.69	1078.779	1093.761	1113.718	1133.418	1152.137	1155.343	1174.974	1208.913	1244.271	1284.361	1272.814	1307.107	1346.575	1389.729	1443.117	1510.09	1579.755	1665.429	1743.608	1815.333	1875.304	1927.042	1969.06	2007.576	2039.375	2074.849	2098.877	2124.796	2147.885	2170.954	2183.608	2195.824	2205.73	2207.841	2201.656	2192.393	2192.393	2201.656	2207.841	2205.73	2195.824	2183.608	2170.954	2147.885	2124.796	2098.877	2074.849	2039.375	2007.576	1969.06	1927.042	1875.304	1815.333	1743.608	1665.429	1579.755	1510.09	1443.117	1389.729	1346.575	1307.107	1272.814	1284.361	1244.271	1208.913	1174.974	1155.343	1152.137	1133.418	1113.718	1093.761	1078.779
10	1071.629	1089.094	1086.919	1093.81	1105.156	1123.264	1145.961	1183.525	1196.572	1194.088	1252.126	1275.156	1301.751	1314.17	1359.085	1394.681	1460.991	1529.243	1608.674	1686.229	1761.368	1826.364	1892.389	1942.388	1988.76	2028.017	2067.149	2100.956	2133.441	2167.321	2196.318	2226.615	2279.513	2298.172	2328.625	2361.607	2366.598	2340.166	2312.617	2312.617	2340.166	2366.598	2361.607	2328.625	2298.172	2279.513	2226.615	2196.318	2167.321	2133.441	2100.956	2067.149	2028.017	1988.76	1942.388	1892.389	1826.364	1761.368	1686.229	1608.674	1529.243	1460.991	1394.681	1359.085	1314.17	1301.751	1275.156	1252.126	1194.088	1196.572	1183.525	1145.961	1123.264	1105.156	1093.81
11	1084.322	1088.494	1095.841	1110.75	1128.087	1149.872	1175.601	1196.905	1205.65	1229.935	1275.723	1305.104	1331.984	1362.523	1406.264	1466.471	1542.537	1612.28	1691.682	1767.648	1837.592	1894.667	1952.945	1996.431	2039.358	2083.699	2127.972	2169.58	2218.871	2269.646	2335.995	2446.319	2593.95	2758.663	2960.026	2883.831	2953.247	3175.768	2945.149	2945.149	3175.768	2953.247	2883.831	2960.026	2758.663	2593.95	2446.319	2335.995	2269.646	2218.871	2169.58	2127.972	2083.699	2039.358	1996.431	1952.945	1894.667	1837.592	1767.648	1691.682	1612.28	1542.537	1466.471	1406.264	1362.523	1331.984	1305.104	1275.723	1229.935	1205.65	1196.905	1175.601	1149.872	1128.087	1110.75
12	1077.428	1151.047	1140.766	1150.852	1157.795	1171.877	1193.002	1226.662	1235.863	1278.973	1310.515	1333.423	1374.479	1413.245	1463.885	1535.307	1607.921	1683.796	1759.581	1826.084	1888.624	1941.381	1993.812	2038.728	2091.159	2141.39	2200.085	2274.171	2373.135	2558.559	2922.781	-1	-1	-1	-1	-1	-1	-1	-1	-1	-1	-1	-1	-1	-1	-1	-1	2922.781	2558.559	2373.135	2274.171	2200.085	2141.39	2091.159	2038.728	1993.812	1941.381	1888.624	1826.084	1759.581	1683.796	1607.921	1535.307	1463.885	1413.245	1374.479	1333.423	1310.515	1278.973	1235.863	1226.662	1193.002	1171.877	1157.795	1150.852
13	1095.388	1096.185	1113.755	1141.87	1172.034	1206.834	1241.311	1253.982	1276.304	1290.991	1332.078	1369.505	1407.989	1459.802	1516.979	1593.908	1669.062	1741.416	1809.126	1868.415	1927.927	1980.764	2037.887	2088.931	2157.148	2228.9	2345.298	2511.363	2935.986	-1	-1	-1	-1	-1	-1	-1	-1	-1	-1	-1	-1	-1	-1	-1	-1	-1	-1	-1	-1	2935.986	2511.363	2345.298	2228.9	2157.148	2088.931	2037.887	1980.764	1927.927	1868.415	1809.126	1741.416	1669.062	1593.908	1516.979	1459.802	1407.989	1369.505	1332.078	1290.991	1276.304	1253.982	1241.311	1206.834	1172.034	1141.87
14	1085.498	1168.477	1160.769	1175.73	1188.945	1212.327	1242.284	1263.069	1295.885	1327.997	1366.259	1405.616	1452.098	1502.192	1564.927	1639.151	1714.626	1780.636	1845.276	1901.754	1957.316	2012.321	2075.44	2142.824	2224.047	2384.671	2680.667	-1	-1	-1	-1	-1	-1	-1	-1	-1	-1	-1	-1	-1	-1	-1	-1	-1	-1	-1	-1	-1	-1	-1	-1	2680.667	2384.671	2224.047	2142.824	2075.44	2012.321	1957.316	1901.754	1845.276	1780.636	1714.626	1639.151	1564.927	1502.192	1452.098	1405.616	1366.259	1327.997	1295.885	1263.069	1242.284	1212.327	1188.945	1175.73
15	1081.304	1165.891	1162.689	1182.976	1199.367	1221.99	1253.729	1288.811	1310.727	1347.173	1394.683	1437.983	1490.548	1543.468	1611.77	1678.483	1746.764	1809.695	1868.13	1922.171	1977.654	2038.299	2106.716	2203.136	2365.097	2765.717	-1	-1	-1	-1	-1	-1	-1	-1	-1	-1	-1	-1	-1	-1	-1	-1	-1	-1	-1	-1	-1	-1	-1	-1	-1	-1	2765.717	2365.097	2203.136	2106.716	2038.299	1977.654	1922.171	1868.13	1809.695	1746.764	1678.483	1611.77	1543.468	1490.548	1437.983	1394.683	1347.173	1310.727	1288.811	1253.729	1221.99	1199.367	1182.976
16	1141.172	1165.847	1170.456	1189.682	1210.334	1236.516	1268.145	1297.457	1329.077	1364.583	1421.797	1470.181	1529.258	1581.589	1642.635	1707.487	1766.658	1824.961	1878.539	1935.795	1991.853	2055.603	2154.256	2299.607	2691.791	-1	-1	-1	-1	-1	-1	-1	-1	-1	-1	-1	-1	-1	-1	-1	-1	-1	-1	-1	-1	-1	-1	-1	-1	-1	-1	-1	-1	2691.791	2299.607	2154.256	2055.603	1991.853	1935.795	1878.539	1824.961	1766.658	1707.487	1642.635	1581.589	1529.258	1470.181	1421.797	1364.583	1329.077	1297.457	1268.145	1236.516	1210.334	1189.682
17	1163.635	1192.584	1190.12	1204.125	1219.989	1243.111	1273.133	1312.938	1347.264	1386.726	1435.142	1494.873	1548.535	1606.21	1667.85	1726.458	1783.626	1834.476	1884.096	1933.074	1986.5	2067.504	2199.321	2549.579	-1	-1	-1	-1	-1	-1	-1	-1	-1	-1	-1	-1	-1	-1	-1	-1	-1	-1	-1	-1	-1	-1	-1	-1	-1	-1	-1	-1	-1	-1	2549.579	2199.321	2067.504	1986.5	1933.074	1884.096	1834.476	1783.626	1726.458	1667.85	1606.21	1548.535	1494.873	1435.142	1386.726	1347.264	1312.938	1273.133	1243.111	1219.989	1204.125
18	1167.115	1186.416	1194.926	1215.694	1239.252	1268.377	1301.458	1331.717	1368.849	1408.525	1456.381	1512.166	1567.824	1623.067	1677.987	1734.67	1789.21	1834.033	1881.507	1939.145	2007.265	2107.59	2352.179	-1	-1	-1	-1	-1	-1	-1	-1	-1	-1	-1	-1	-1	-1	-1	-1	-1	-1	-1	-1	-1	-1	-1	-1	-1	-1	-1	-1	-1	-1	-1	-1	2352.179	2107.59	2007.265	1939.145	1881.507	1834.033	1789.21	1734.67	1677.987	1623.067	1567.824	1512.166	1456.381	1408.525	1368.849	1331.717	1301.458	1268.377	1239.252	1215.694
19	1180.352	1175.204	1195.748	1222.656	1252.537	1284.688	1317.993	1347.353	1382.198	1423.105	1470.994	1524.929	1576.588	1631.013	1682.778	1734.532	1787.08	1832.821	1884.335	1936.77	2001.071	2166.64	2760.585	-1	-1	-1	-1	-1	-1	-1	-1	-1	-1	-1	-1	-1	-1	-1	-1	-1	-1	-1	-1	-1	-1	-1	-1	-1	-1	-1	-1	-1	-1	-1	-1	2760.585	2166.64	2001.071	1936.77	1884.335	1832.821	1787.08	1734.532	1682.778	1631.013	1576.588	1524.929	1470.994	1423.105	1382.198	1347.353	1317.993	1284.688	1252.537	1222.656
20	1171.619	1202.152	1213.92	1238.241	1263.929	1294.052	1325.934	1360.128	1394.078	1437.026	1486.337	1537.572	1589.341	1637.153	1682.866	1730.866	1776.095	1822.71	1864.885	1912.522	1995.42	2298.405	-1	-1	-1	-1	-1	-1	-1	-1	-1	-1	-1	-1	-1	-1	-1	-1	-1	-1	-1	-1	-1	-1	-1	-1	-1	-1	-1	-1	-1	-1	-1	-1	-1	-1	2298.405	1995.42	1912.522	1864.885	1822.71	1776.095	1730.866	1682.866	1637.153	1589.341	1537.572	1486.337	1437.026	1394.078	1360.128	1325.934	1294.052	1263.929	1238.241
21	1188.734	1189.22	1210.378	1238	1266.999	1297.591	1329.328	1358.795	1402.416	1439.562	1490.182	1542.23	1589.901	1637.56	1679.918	1728.541	1769.218	1823.055	1865.731	1928.396	2037.539	2698.08	-1	-1	-1	-1	-1	-1	-1	-1	-1	-1	-1	-1	-1	-1	-1	-1	-1	-1	-1	-1	-1	-1	-1	-1	-1	-1	-1	-1	-1	-1	-1	-1	-1	-1	2698.08	2037.539	1928.396	1865.731	1823.055	1769.218	1728.541	1679.918	1637.56	1589.901	1542.23	1490.182	1439.562	1402.416	1358.795	1329.328	1297.591	1266.999	1238
22	1184.867	1183.6	1215.155	1248.354	1278.729	1308.706	1339.16	1375.458	1409.573	1455.392	1496.085	1545.264	1585.13	1627.588	1668.51	1707.212	1748.065	1796.247	1823.499	1908.899	2100.726	-1	-1	-1	-1	-1	-1	-1	-1	-1	-1	-1	-1	-1	-1	-1	-1	-1	-1	-1	-1	-1	-1	-1	-1	-1	-1	-1	-1	-1	-1	-1	-1	-1	-1	-1	-1	2100.726	1908.899	1823.499	1796.247	1748.065	1707.212	1668.51	1627.588	1585.13	1545.264	1496.085	1455.392	1409.573	1375.458	1339.16	1308.706	1278.729	1248.354
23	1219.769	1176.146	1215.198	1248.548	1281.314	1313.401	1345.107	1375.799	1408.714	1452.455	1493.491	1543.794	1581.584	1618.66	1653.331	1697.885	1726.396	1779.757	1796.774	1850.649	1890.615	-1	-1	-1	-1	-1	-1	-1	-1	-1	-1	-1	-1	-1	-1	-1	-1	-1	-1	-1	-1	-1	-1	-1	-1	-1	-1	-1	-1	-1	-1	-1	-1	-1	-1	-1	-1	1890.615	1850.649	1796.774	1779.757	1726.396	1697.885	1653.331	1618.66	1581.584	1543.794	1493.491	1452.455	1408.714	1375.799	1345.107	1313.401	1281.314	1248.548
24	1202.317	1217.908	1243.22	1274.809	1301.015	1326.906	1353.337	1381.549	1407.975	1445.45	1482.995	1530.008	1557.634	1585.044	1621.043	1669.944	1707.398	1749.332	1774.563	1850.802	2021.466	2507.337	-1	-1	-1	-1	-1	-1	-1	-1	-1	-1	-1	-1	-1	-1	-1	-1	-1	-1	-1	-1	-1	-1	-1	-1	-1	-1	-1	-1	-1	-1	-1	-1	-1	-1	2507.337	2021.466	1850.802	1774.563	1749.332	1707.398	1669.944	1621.043	1585.044	1557.634	1530.008	1482.995	1445.45	1407.975	1381.549	1353.337	1326.906	1301.015	1274.809
25	1227.777	1192.087	1228.209	1261.916	1292.678	1322.558	1351.702	1387.473	1416.191	1453.309	1492.189	1532.156	1553.003	1575.371	1596.238	1615.782	1630.173	1626.856	1616.992	1638.535	1666.349	2159.714	2001.331	2504.297	-1	-1	-1	-1	-1	-1	-1	-1	-1	-1	-1	-1	-1	-1	-1	-1	-1	-1	-1	-1	-1	-1	-1	-1	-1	-1	-1	-1	-1	-1	2504.297	2001.331	2159.714	1666.349	1638.535	1616.992	1626.856	1630.173	1615.782	1596.238	1575.371	1553.003	1532.156	1492.189	1453.309	1416.191	1387.473	1351.702	1322.558	1292.678	1261.916
26	1267.497	1178.484	1231.11	1267.132	1299.331	1326.696	1356.681	1383.302	1408.644	1444.726	1472.587	1511.331	1520.699	1530.943	1543.169	1560.675	1542.751	1530.332	1447.014	1510.171	1538.689	1829.625	2124.388	2301.081	2575.144	-1	-1	-1	-1	-1	-1	-1	-1	-1	-1	-1	-1	-1	-1	-1	-1	-1	-1	-1	-1	-1	-1	-1	-1	-1	-1	-1	-1	2575.144	2301.081	2124.388	1829.625	1538.689	1510.171	1447.014	1530.332	1542.751	1560.675	1543.169	1530.943	1520.699	1511.331	1472.587	1444.726	1408.644	1383.302	1356.681	1326.696	1299.331	1267.132
27	1303.7	1120.907	1188.273	1236.315	1281.62	1319.795	1354.099	1390.386	1405.665	1440.344	1469.065	1489.932	1502.962	1496.081	1487.954	1477.593	1454.923	1473.923	1508.351	1492.179	1510.153	1601.151	1692.718	1931.824	2150.751	-1	-1	-1	-1	-1	-1	-1	-1	-1	-1	-1	-1	-1	-1	-1	-1	-1	-1	-1	-1	-1	-1	-1	-1	-1	-1	-1	-1	2150.751	1931.824	1692.718	1601.151	1510.153	1492.179	1508.351	1473.923	1454.923	1477.593	1487.954	1496.081	1502.962	1489.932	1469.065	1440.344	1405.665	1390.386	1354.099	1319.795	1281.62	1236.315
28	1307.413	1181.053	1231.673	1264.562	1294.502	1321.604	1352.995	1363.852	1383.007	1408.684	1442.493	1472.304	1450.729	1446.389	1421.078	1478.502	1461.25	1469.164	1443.947	1431.329	1481.124	1604.421	1677.377	1805.816	2033.509	2707.037	-1	-1	-1	-1	-1	-1	-1	-1	-1	-1	-1	-1	-1	-1	-1	-1	-1	-1	-1	-1	-1	-1	-1	-1	-1	-1	2707.037	2033.509	1805.816	1677.377	1604.421	1481.124	1431.329	1443.947	1469.164	1461.25	1478.502	1421.078	1446.389	1450.729	1472.304	1442.493	1408.684	1383.007	1363.852	1352.995	1321.604	1294.502	1264.562
29	1349.86	1131.866	1206.786	1247.611	1283.959	1313.464	1335.165	1348.36	1342.37	1369.478	1382.594	1426.648	1391.937	1389.86	1376.846	1381.708	1400.78	1399.358	1423.91	1464.366	1483.284	1589.038	1656.832	1873.68	2007.961	2351.664	-1	-1	-1	-1	-1	-1	-1	-1	-1	-1	-1	-1	-1	-1	-1	-1	-1	-1	-1	-1	-1	-1	-1	-1	-1	-1	2351.664	2007.961	1873.68	1656.832	1589.038	1483.284	1464.366	1423.91	1399.358	1400.78	1381.708	1376.846	1389.86	1391.937	1426.648	1382.594	1369.478	1342.37	1348.36	1335.165	1313.464	1283.959	1247.611
30	1265.878	1268.956	1291.809	1300.383	1302.622	1304.709	1308.365	1308.504	1339.618	1341.191	1405.355	1427.331	1416.387	1374.648	1368.878	1383.466	1337.126	1362.413	1344.135	1423.751	1488.878	1519.332	1618.355	1769.662	1881.444	2280.621	2689.161	-1	-1	-1	-1	-1	-1	-1	-1	-1	-1	-1	-1	-1	-1	-1	-1	-1	-1	-1	-1	-1	-1	-1	-1	2689.161	2280.621	1881.444	1769.662	1618.355	1519.332	1488.878	1423.751	1344.135	1362.413	1337.126	1383.466	1368.878	1374.648	1416.387	1427.331	1405.355	1341.191	1339.618	1308.504	1308.365	1304.709	1302.622	1300.383
31	1307.955	1234.57	1246.913	1273.226	1298.749	1315.92	1324.362	1261.884	1331.203	1321.372	1329.692	1338.609	1355.601	1294.222	1317.624	1411.125	1394.952	1401.32	1443.359	1429.035	1544.334	1552.28	1632.441	1703.606	1848.992	2087.606	2499.07	-1	-1	-1	-1	-1	-1	-1	-1	-1	-1	-1	-1	-1	-1	-1	-1	-1	-1	-1	-1	-1	-1	-1	-1	2499.07	2087.606	1848.992	1703.606	1632.441	1552.28	1544.334	1429.035	1443.359	1401.32	1394.952	1411.125	1317.624	1294.222	1355.601	1338.609	1329.692	1321.372	1331.203	1261.884	1324.362	1315.92	1298.749	1273.226
32	1373.315	1382.921	1354.523	1340.613	1313.51	1286.035	1260.661	1224.427	1259.483	1250.663	1280.667	1307.229	1353.463	1309.483	1340.446	1328.753	1416.676	1419.531	1443.419	1502.266	1478.042	1532.884	1635.436	1780.661	1821.746	2143.698	-1	-1	-1	-1	-1	-1	-1	-1	-1	-1	-1	-1	-1	-1	-1	-1	-1	-1	-1	-1	-1	-1	-1	-1	-1	-1	2143.698	1821.746	1780.661	1635.436	1532.884	1478.042	1502.266	1443.419	1419.531	1416.676	1328.753	1340.446	1309.483	1353.463	1307.229	1280.667	1250.663	1259.483	1224.427	1260.661	1286.035	1313.51	1340.613
33	1301.54	1421.323	1383.371	1359.386	1303.329	1263.461	1233.784	1189.041	1254.584	1193.456	1298.916	1313.985	1331.555	1323.634	1275.458	1353.675	1392.778	1377.201	1382.036	1405.16	1465.115	1462.625	1581.552	1713.781	1968.475	2372.932	-1	-1	-1	-1	-1	-1	-1	-1	-1	-1	-1	-1	-1	-1	-1	-1	-1	-1	-1	-1	-1	-1	-1	-1	-1	-1	2372.932	1968.475	1713.781	1581.552	1462.625	1465.115	1405.16	1382.036	1377.201	1392.778	1353.675	1275.458	1323.634	1331.555	1313.985	1298.916	1193.456	1254.584	1189.041	1233.784	1263.461	1303.329	1359.386
34	1506.854	771.185	1063.254	1168.182	1297.011	1365.608	1401.383	1358.133	1368.179	1278.768	1265.393	1299.82	1288.762	1228.61	1229.857	1275.337	1318.419	1375.526	1322.836	1419.786	1458.237	1535.678	1639.813	1779.981	1918.244	2443.505	-1	-1	-1	-1	-1	-1	-1	-1	-1	-1	-1	-1	-1	-1	-1	-1	-1	-1	-1	-1	-1	-1	-1	-1	-1	-1	2443.505	1918.244	1779.981	1639.813	1535.678	1458.237	1419.786	1322.836	1375.526	1318.419	1275.337	1229.857	1228.61	1288.762	1299.82	1265.393	1278.768	1368.179	1358.133	1401.383	1365.608	1297.011	1168.182
35	1628.812	1395.597	1363.541	1326.083	1293.006	1271.867	1260.819	1195.265	1191.624	1235.66	1331.646	1349.138	1392.849	1254.793	1247.465	1303.868	1325.727	1319.912	1421.407	1388.45	1462.715	1537.971	1677.04	1831.352	1945.321	2231.559	-1	-1	-1	-1	-1	-1	-1	-1	-1	-1	-1	-1	-1	-1	-1	-1	-1	-1	-1	-1	-1	-1	-1	-1	-1	-1	2231.559	1945.321	1831.352	1677.04	1537.971	1462.715	1388.45	1421.407	1319.912	1325.727	1303.868	1247.465	1254.793	1392.849	1349.138	1331.646	1235.66	1191.624	1195.265	1260.819	1271.867	1293.006	1326.083
36	1508.752	1256.543	1224.634	1216.372	1167.894	1142.495	1133.661	1238.194	1136.725	1141.016	1338.708	1437.492	1363.435	1362.975	1330.031	1395.136	1412.816	1422.208	1436.173	1392.134	1392.858	1466.682	1638.821	1690.294	1765.429	-1	-1	-1	-1	-1	-1	-1	-1	-1	-1	-1	-1	-1	-1	-1	-1	-1	-1	-1	-1	-1	-1	-1	-1	-1	-1	-1	-1	1765.429	1690.294	1638.821	1466.682	1392.858	1392.134	1436.173	1422.208	1412.816	1395.136	1330.031	1362.975	1363.435	1437.492	1338.708	1141.016	1136.725	1238.194	1133.661	1142.495	1167.894	1216.372
37	1435.054	1188.924	1229.422	1266.399	1283.71	1306.229	1302.065	1014.986	1082.979	1010.049	1320.338	1308.787	1312.698	1297.296	1355.556	1350.964	1416.628	1502.007	1530.908	1449.622	1539.186	1488.892	1562.628	1650.581	2034.173	-1	-1	-1	-1	-1	-1	-1	-1	-1	-1	-1	-1	-1	-1	-1	-1	-1	-1	-1	-1	-1	-1	-1	-1	-1	-1	-1	-1	2034.173	1650.581	1562.628	1488.892	1539.186	1449.622	1530.908	1502.007	1416.628	1350.964	1355.556	1297.296	1312.698	1308.787	1320.338	1010.049	1082.979	1014.986	1302.065	1306.229	1283.71	1266.399
38	1429.395	1368.652	1363.697	1368.696	1321.4	1260.493	1213.57	1446.191	1068.127	1142.083	1201.345	1336.926	1334.856	1281.258	1282.483	1350.213	1385.044	1300.766	1321.01	1371.738	1421.808	1459.417	1477.427	1757.714	1897.663	-1	-1	-1	-1	-1	2253.098	-1	-1	-1	2244.791	2262.329	2244.791	2189.525	2251.857	2251.857	2189.525	2244.791	2262.329	2244.791	-1	-1	-1	2253.098	-1	-1	-1	-1	-1	1897.663	1757.714	1477.427	1459.417	1421.808	1371.738	1321.01	1300.766	1385.044	1350.213	1282.483	1281.258	1334.856	1336.926	1201.345	1142.083	1068.127	1446.191	1213.57	1260.493	1321.4	1368.696
39	1397.065	1252.472	1247.956	1261.866	1246.517	1225.17	1211.458	1144.432	1145.772	1152.339	1355.024	1360.699	1339.168	1425.598	1321.486	1419.398	1452.316	1398.938	1432.02	1414.746	1532.317	1485.87	1633.524	1676.887	1760.972	-1	-1	-1	-1	-1	-1	-1	-1	-1	-1	-1	-1	-1	-1	-1	-1	-1	-1	-1	-1	-1	-1	-1	-1	-1	-1	-1	-1	1760.972	1676.887	1633.524	1485.87	1532.317	1414.746	1432.02	1398.938	1452.316	1419.398	1321.486	1425.598	1339.168	1360.699	1355.024	1152.339	1145.772	1144.432	1211.458	1225.17	1246.517	1261.866
40	1525.538	1320.733	1310.319	1275.488	1215.225	1131.847	1150.264	955.261	938.951	1032.198	1150.353	1289.931	1193.6	1222.742	1238.752	1364.686	1478.031	1468.99	1502.573	1534.945	1581.843	1584.495	1550.551	1647.648	1560.033	2169.798	-1	-1	-1	-1	2138.98	-1	2086.233	2206.67	2267.255	-1	-1	2313.918	2281.384	2281.384	2313.918	-1	-1	2267.255	2206.67	2086.233	-1	2138.98	-1	-1	-1	-1	2169.798	1560.033	1647.648	1550.551	1584.495	1581.843	1534.945	1502.573	1468.99	1478.031	1364.686	1238.752	1222.742	1193.6	1289.931	1150.353	1032.198	938.951	955.261	1150.264	1131.847	1215.225	1275.488
41	1383.545	1268.463	1216.816	1271.453	1235.144	1223.824	1217.658	1045.581	1081.108	1188.977	1285.292	1335.916	1371.775	1293.097	1253.475	1314.468	1308.16	1287.042	1357.23	1390.103	1555.863	1766.496	1837.085	1821.764	1979.663	-1	-1	-1	-1	-1	-1	1646.396	-1	2101.858	-1	-1	-1	-1	2129.658	2129.658	-1	-1	-1	-1	2101.858	-1	1646.396	-1	-1	-1	-1	-1	-1	1979.663	1821.764	1837.085	1766.496	1555.863	1390.103	1357.23	1287.042	1308.16	1314.468	1253.475	1293.097	1371.775	1335.916	1285.292	1188.977	1081.108	1045.581	1217.658	1223.824	1235.144	1271.453
42	1233.127	1269.496	1351.215	1376.821	1387.212	1380.527	1339.869	1162.953	1246.18	1233.77	1394.656	1444.337	1344.021	1142.75	1249.726	1317.788	1253.885	1352.148	1211.973	1295.418	1492.103	1510.367	1715.555	2017.026	2064.917	-1	-1	-1	-1	-1	2254.379	1964.09	1782.989	1779.846	1765.08	1858.746	1862.712	1760.359	1776.618	1776.618	1760.359	1862.712	1858.746	1765.08	1779.846	1782.989	1964.09	2254.379	-1	-1	-1	-1	-1	2064.917	2017.026	1715.555	1510.367	1492.103	1295.418	1211.973	1352.148	1253.885	1317.788	1249.726	1142.75	1344.021	1444.337	1394.656	1233.77	1246.18	1162.953	1339.869	1380.527	1387.212	1376.821
43	1686.067	1197.863	1213.016	1147.97	1074.794	1003.017	991.906	997.581	1119.537	1189.023	1153.215	1335.941	1262.445	1304.089	1337.785	1301.028	1362.605	1328.066	1288.473	1354.955	1380.139	1580.191	1834.621	1996.308	1807.398	-1	-1	-1	1604.441	-1	-1	-1	-1	-1	-1	-1	-1	-1	-1	-1	-1	-1	-1	-1	-1	-1	-1	-1	-1	1604.441	-1	-1	-1	1807.398	1996.308	1834.621	1580.191	1380.139	1354.955	1288.473	1328.066	1362.605	1301.028	1337.785	1304.089	1262.445	1335.941	1153.215	1189.023	1119.537	997.581	991.906	1003.017	1074.794	1147.97
44	1112.141	1315.15	1337.584	1352.581	1333.504	1293.083	1237.608	947.149	1319.891	1122.55	1336.09	1390.608	1183.36	1235.444	1324.843	1221.806	1328.32	1375.659	1320.912	1398.565	1435.384	1390.121	1428.559	1706.833	-1	-1	-1	-1	-1	-1	-1	-1	-1	-1	-1	-1	-1	-1	-1	-1	-1	-1	-1	-1	-1	-1	-1	-1	-1	-1	-1	-1	-1	-1	1706.833	1428.559	1390.121	1435.384	1398.565	1320.912	1375.659	1328.32	1221.806	1324.843	1235.444	1183.36	1390.608	1336.09	1122.55	1319.891	947.149	1237.608	1293.083	1333.504	1352.581
45	1406.113	1154.656	1180.84	1196.854	1167.029	1139.375	1157.544	1019.934	1080.169	983.873	983.583	1190.296	1338.999	1181.5	1223.801	1409.604	1448.271	1386.741	1427.72	1404.55	1450.381	1405.309	1496.395	1672.609	1737.619	-1	-1	-1	-1	-1	-1	-1	-1	-1	-1	-1	-1	-1	-1	-1	-1	-1	-1	-1	-1	-1	-1	-1	-1	-1	-1	-1	-1	1737.619	1672.609	1496.395	1405.309	1450.381	1404.55	1427.72	1386.741	1448.271	1409.604	1223.801	1181.5	1338.999	1190.296	983.583	983.873	1080.169	1019.934	1157.544	1139.375	1167.029	1196.854
