lateral	-38.5	-37.5	-36.5	-35.5	-34.5	-33.5	-32.5	-31.5	-30.5	-29.5	-28.5	-27.5	-26.5	-25.5	-24.5	-23.5	-22.5	-21.5	-20.5	-19.5	-18.5	-17.5	-16.5	-15.5	-14.5	-13.5	-12.5	-11.5	-10.5	-9.5	-8.5	-7.5	-6.5	-5.5	-4.5	-3.5	-2.5	-1.5	-0.5	0.5	1.5	2.5	3.5	4.5	5.5	6.5	7.5	8.5	9.5	10.5	11.5	12.5	13.5	14.5	15.5	16.5	17.5	18.5	19.5	20.5	21.5	22.5	23.5	24.5	25.5	26.5	27.5	28.5	29.5	30.5	31.5	32.5	33.5	34.5	35.5
DFB	mm	mm	mm	mm	mm	mm	mm	mm	mm	mm	mm	mm	mm	mm	mm	mm	mm	mm	mm	mm	mm	mm	mm	mm	mm	mm	mm	mm	mm	mm	mm	mm	mm	mm	mm	mm	mm	mm	mm	mm	mm	mm	mm	mm	mm	mm	mm	mm	mm	mm	mm	mm	mm	mm	mm	mm	mm	mm	mm	mm	mm	mm	mm	mm	mm	mm	mm	mm	mm	mm	mm	mm	mm	mm	mm
mm																																																																											
-5	-1	1084.256	1051.935	1019.552	-1	-1	-1	-1	-1	-1	-1	1580.777	1491.594	1520.406	1499.046	1254.995	1386.607	1693.741	1655.861	1566.688	1770.369	1812.647	1763.149	1632.703	1705.5	1282.797	1512.806	1366.245	1328.434	1655.25	1692.766	1611.924	1533.544	1669.37	1665.065	1624.113	1634.401	1692.07	1714.617	1714.617	1692.07	1634.401	1624.113	1665.065	1669.37	1533.544	1611.924	1692.766	1655.25	1328.434	1366.245	1512.806	1282.797	1705.5	1632.703	1763.149	1812.647	1770.369	1566.688	1655.861	1693.741	1386.607	1254.995	1499.046	1520.406	1491.594	1580.777	-1	-1	-1	-1	-1	-1	-1	1019.552
-4	-1	1177.006	1149.268	1149.428	-1	-1	-1	2261.197	2002.94	1875.553	1567.161	1578.499	1545.092	1502.166	1660.503	1618.142	1539.988	1301.312	1667.475	1326.054	1172.245	1192.29	1173.754	1420.258	1388.067	1399.921	1266.528	1195.716	1259.455	1300.045	1359.865	1520.875	1704.074	1720.236	1721.836	1671.902	1673.5	1730.245	1733.121	1733.121	1730.245	1673.5	1671.902	1721.836	1720.236	1704.074	1520.875	1359.865	1300.045	1259.455	1195.716	1266.528	1399.921	1388.067	1420.258	1173.754	1192.29	1172.245	1326.054	1667.475	1301.312	1539.988	1618.142	1660.503	1502.166	1545.092	1578.499	1567.161	1875.553	2002.94	2261.197	-1	-1	-1	1149.428
-3	-1	1457.877	1392.707	1281.91	-1	-1	-1	2110.498	1842.956	1734.287	1636.469	1604.576	1416.107	1614.431	1674.946	1683.736	1483.634	1367.259	1444.65	1334.24	1302.016	1340.174	1265.104	1280.956	1252.232	1659.344	1374.904	1465.351	1347.028	1179.687	1531.433	1693.808	1684.418	1700.912	1708.611	1731.444	1732.85	1713.571	1709.398	1709.398	1713.571	1732.85	1731.444	1708.611	1700.912	1684.418	1693.808	1531.433	1179.687	1347.028	1465.351	1374.904	1659.344	1252.232	1280.956	1265.104	1340.174	1302.016	1334.24	1444.65	1367.259	1483.634	1683.736	1674.946	1614.431	1416.107	1604.576	1636.469	1734.287	1842.956	2110.498	-1	-1	-1	1281.91
-2	-1	-1	-1	-1	-1	-1	-1	2105.559	1844.076	1768.874	1683.947	1633.981	1535.275	1437.491	1478.937	1318.915	1202.998	1375.601	1352.69	1392.029	1370.175	1252.882	1280.108	1213.484	1165.398	1204.068	1271.241	1174.78	1132.621	1269.167	1470.397	1530.486	1459.004	1356.727	1311.601	1298.383	1279.616	1253.628	1267.026	1267.026	1253.628	1279.616	1298.383	1311.601	1356.727	1459.004	1530.486	1470.397	1269.167	1132.621	1174.78	1271.241	1204.068	1165.398	1213.484	1280.108	1252.882	1370.175	1392.029	1352.69	1375.601	1202.998	1318.915	1478.937	1437.491	1535.275	1633.981	1683.947	1768.874	1844.076	2105.559	-1	-1	-1	-1
-1	2086.221	1140.199	1134.381	-1	-1	-1	2179.478	1999.382	1809.517	1702.954	1587.466	1441.909	1277.047	1374.957	1306.216	1358.127	1305.432	1428.11	1258.096	1247.51	1203.332	1319.379	1426.389	1400.548	1468.519	1370.849	1623.514	1366.371	1164.441	1190.968	1437.721	1514.127	1429.118	1458.055	1425.311	1377.981	1382.096	1436.823	1476.72	1476.72	1436.823	1382.096	1377.981	1425.311	1458.055	1429.118	1514.127	1437.721	1190.968	1164.441	1366.371	1623.514	1370.849	1468.519	1400.548	1426.389	1319.379	1203.332	1247.51	1258.096	1428.11	1305.432	1358.127	1306.216	1374.957	1277.047	1441.909	1587.466	1702.954	1809.517	1999.382	2179.478	-1	-1	-1
0	2127.298	1245.462	1215.326	1122.91	-1	-1	2228.485	1968.308	1809.262	1722.444	1694.354	1555.809	1417.832	1426.491	1385.641	1309.674	1278.733	1309.132	1621.12	1645.271	1610.648	1730.999	1673.428	1418.853	1339.606	1198.395	1233.521	1167.537	1151.3	1162.31	1314.008	1405.892	1484.541	1503.449	1546.245	1510.121	1512.472	1551.318	1513.869	1513.869	1551.318	1512.472	1510.121	1546.245	1503.449	1484.541	1405.892	1314.008	1162.31	1151.3	1167.537	1233.521	1198.395	1339.606	1418.853	1673.428	1730.999	1610.648	1645.271	1621.12	1309.132	1278.733	1309.674	1385.641	1426.491	1417.832	1555.809	1694.354	1722.444	1809.262	1968.308	2228.485	-1	-1	1122.91
1	-1	1289.945	1240.902	1177.001	-1	-1	-1	2158.612	1871.495	1782.446	1669.251	1627.626	1528.257	1508.44	1528.017	1424.036	1557.245	1403.13	1422.433	1398.97	1416.09	1617.107	1532.141	1464.998	1540.624	1581.81	1501.258	1231.125	1288.163	1423.59	1432.072	1479.038	1489.105	1471.024	1458.761	1421.872	1416.535	1446.843	1455.184	1455.184	1446.843	1416.535	1421.872	1458.761	1471.024	1489.105	1479.038	1432.072	1423.59	1288.163	1231.125	1501.258	1581.81	1540.624	1464.998	1532.141	1617.107	1416.09	1398.97	1422.433	1403.13	1557.245	1424.036	1528.017	1508.44	1528.257	1627.626	1669.251	1782.446	1871.495	2158.612	-1	-1	-1	1177.001
2	2204.685	1101.18	1088.17	1066.25	-1	-1	2282.953	1795.659	1727.263	1618.936	1531.302	1613.605	1419.594	1582.023	1620.403	1621.909	1557.964	1641.293	1502.652	1358.157	1423.63	1267.743	1192.738	1165.063	1146.68	1130.431	1177.382	1238.207	1250.288	1364.604	1431.294	1298.159	1359.375	1377.377	1464.181	1594.101	1601.348	1481.06	1394.302	1394.302	1481.06	1601.348	1594.101	1464.181	1377.377	1359.375	1298.159	1431.294	1364.604	1250.288	1238.207	1177.382	1130.431	1146.68	1165.063	1192.738	1267.743	1423.63	1358.157	1502.652	1641.293	1557.964	1621.909	1620.403	1582.023	1419.594	1613.605	1531.302	1618.936	1727.263	1795.659	2282.953	-1	-1	1066.25
3	2248.139	1431.307	1417.114	-1	-1	-1	-1	1961.077	1719.647	1724.865	1638.012	1581.863	1453.773	1474.965	1487.446	1450.252	1271.535	1335.384	1471.863	1449.341	1421.557	1680.186	1403.861	1597.592	1198.551	1792.463	1633.809	1287.656	1172.327	1224.738	1282.958	1223.722	1311.344	1330.811	1395.865	1439.542	1442.147	1403.542	1343.72	1343.72	1403.542	1442.147	1439.542	1395.865	1330.811	1311.344	1223.722	1282.958	1224.738	1172.327	1287.656	1633.809	1792.463	1198.551	1597.592	1403.861	1680.186	1421.557	1449.341	1471.863	1335.384	1271.535	1450.252	1487.446	1474.965	1453.773	1581.863	1638.012	1724.865	1719.647	1961.077	-1	-1	-1	-1
4	-1	1474.837	1441.941	1294.842	-1	-1	-1	1933.559	1805.881	1599.27	1613.657	1617.101	1479.462	1544.346	1620.263	1557.067	1286.887	1407.797	1361.273	1469.248	1450.007	1385.309	1495.705	1421.778	1347.141	1337.171	1132.458	1139.502	1092.021	1124.405	1440.942	1651.934	1646.418	1680.379	1701.712	1715.306	1716.806	1707.298	1693.211	1693.211	1707.298	1716.806	1715.306	1701.712	1680.379	1646.418	1651.934	1440.942	1124.405	1092.021	1139.502	1132.458	1337.171	1347.141	1421.778	1495.705	1385.309	1450.007	1469.248	1361.273	1407.797	1286.887	1557.067	1620.263	1544.346	1479.462	1617.101	1613.657	1599.27	1805.881	1933.559	-1	-1	-1	1294.842
5	-1	1549.656	1418.468	1177	-1	-1	-1	1909.142	1735.349	1635.669	1575.114	1448.147	1360.02	1433.469	1498.256	1480.33	1471.053	1590.779	1578.307	1496.714	1700.688	1590.413	1721.499	1505.809	1420.67	1505.707	1367.207	1184.099	1146.32	1319.484	1586.745	1420.81	1558.383	1518.239	1497.369	1500.058	1495.108	1482.006	1490.812	1490.812	1482.006	1495.108	1500.058	1497.369	1518.239	1558.383	1420.81	1586.745	1319.484	1146.32	1184.099	1367.207	1505.707	1420.67	1505.809	1721.499	1590.413	1700.688	1496.714	1578.307	1590.779	1471.053	1480.33	1498.256	1433.469	1360.02	1448.147	1575.114	1635.669	1735.349	1909.142	-1	-1	-1	1177
6	2133.625	1126.668	1063.454	1028.995	-1	-1	-1	1760.78	1699.672	1603.833	1598.232	1535.622	1503.728	1397.125	1336.987	1337.29	1319.617	1343.872	1317.749	1393.236	1351.446	1362.119	1413.61	1263.503	1208.361	1182.595	1281.737	1312.02	1243.126	1599.867	1420.219	1407.281	1637.245	1436.086	1433.581	1573.273	1560.913	1365.542	1300.23	1300.23	1365.542	1560.913	1573.273	1433.581	1436.086	1637.245	1407.281	1420.219	1599.867	1243.126	1312.02	1281.737	1182.595	1208.361	1263.503	1413.61	1362.119	1351.446	1393.236	1317.749	1343.872	1319.617	1337.29	1336.987	1397.125	1503.728	1535.622	1598.232	1603.833	1699.672	1760.78	-1	-1	-1	1028.995
7	1984.417	1383.124	1431.459	-1	-1	-1	2171.107	1764.981	1674.108	1560.576	1513.502	1535.711	1485.459	1415.404	1577.648	1554.504	1597.298	1233.674	1395.83	1469.373	1560.931	1521.888	1672.998	1592.113	1495.971	1313.877	1173.253	1167.325	1233.033	1190.201	1452.933	1401.388	1571.403	1587.654	1627.884	1667.864	1669.568	1633.547	1597.684	1597.684	1633.547	1669.568	1667.864	1627.884	1587.654	1571.403	1401.388	1452.933	1190.201	1233.033	1167.325	1173.253	1313.877	1495.971	1592.113	1672.998	1521.888	1560.931	1469.373	1395.83	1233.674	1597.298	1554.504	1577.648	1415.404	1485.459	1535.711	1513.502	1560.576	1674.108	1764.981	2171.107	-1	-1	-1
8	2062.764	1290.932	1252.834	1230.042	-1	-1	-1	1756.622	1493.212	1469.517	1485.035	1470.652	1277.019	1534.292	1647.566	1655.913	1623.132	1714.005	1583.76	1304.014	1380.35	1495.165	1511.204	1420.482	1281.506	1537.61	1441.157	1435.599	1459.07	1517.867	1393.223	1561.86	1654.784	1694.692	1722.634	1750.871	1755.508	1737.461	1720.154	1720.154	1737.461	1755.508	1750.871	1722.634	1694.692	1654.784	1561.86	1393.223	1517.867	1459.07	1435.599	1441.157	1537.61	1281.506	1420.482	1511.204	1495.165	1380.35	1304.014	1583.76	1714.005	1623.132	1655.913	1647.566	1534.292	1277.019	1470.652	1485.035	1469.517	1493.212	1756.622	-1	-1	-1	1230.042
9	1916.425	1103.767	1116.637	1177	-1	-1	2024.017	1792.031	1644.497	1582.761	1515.94	1583.892	1578.247	1562.428	1696.86	1720.507	1531.644	1639.813	1578.603	1305.423	1272.126	1333.693	1753.447	1799.487	1740.669	1533	1526.884	1461.016	1461.809	1541.394	1543.913	1539.915	1661.439	1674.16	1722.337	1758.576	1761.713	1730.056	1683.931	1683.931	1730.056	1761.713	1758.576	1722.337	1674.16	1661.439	1539.915	1543.913	1541.394	1461.809	1461.016	1526.884	1533	1740.669	1799.487	1753.447	1333.693	1272.126	1305.423	1578.603	1639.813	1531.644	1720.507	1696.86	1562.428	1578.247	1583.892	1515.94	1582.761	1644.497	1792.031	2024.017	-1	-1	1177
10	1953.557	1460.001	1485.262	-1	-1	-1	-1	1770.242	1646.787	1532.194	1532.937	1560.308	1541.656	1481.184	1550.503	1504.32	1426.24	1276.002	1204.794	1200.645	1129.285	1163.579	1169.339	1252.622	1287.526	1391.722	1536.904	1452.572	1329.829	1418.273	1438.396	1443.582	1634.797	1638.246	1643.14	1652.47	1652.551	1643.863	1639.946	1639.946	1643.863	1652.551	1652.47	1643.14	1638.246	1634.797	1443.582	1438.396	1418.273	1329.829	1452.572	1536.904	1391.722	1287.526	1252.622	1169.339	1163.579	1129.285	1200.645	1204.794	1276.002	1426.24	1504.32	1550.503	1481.184	1541.656	1560.308	1532.937	1532.194	1646.787	1770.242	-1	-1	-1	-1
11	1743.802	1058.613	952.607	934.334	-1	-1	1886.151	1671.798	1488.161	1418.155	1539.603	1469.504	1494.984	1507.332	1619.004	1645.411	1467.571	1508.745	1534.978	1228.449	1163.137	1160.4	1246.894	1198.397	1297.972	1336.107	1652.205	1375.461	1574.846	1726.854	1707.7	1623.48	1663.952	1654.809	1655.574	1659.295	1658.184	1651.987	1648.415	1648.415	1651.987	1658.184	1659.295	1655.574	1654.809	1663.952	1623.48	1707.7	1726.854	1574.846	1375.461	1652.205	1336.107	1297.972	1198.397	1246.894	1160.4	1163.137	1228.449	1534.978	1508.745	1467.571	1645.411	1619.004	1507.332	1494.984	1469.504	1539.603	1418.155	1488.161	1671.798	1886.151	-1	-1	934.334
12	1574.856	1349.286	1354.107	-1	-1	-1	1793.408	1456.916	1430.744	1402.577	1407.738	1428.497	1402.53	1410.862	1500.499	1580.8	1435.635	1361.598	1327.798	1235.817	1528.945	1431.068	1549.503	1518.657	1716.29	1487.558	1501.505	1391.828	1474.179	1528.166	1644.355	1556.849	1726.119	1725.542	1730.675	1719.461	1719.429	1730.423	1725.203	1725.203	1730.423	1719.429	1719.461	1730.675	1725.542	1726.119	1556.849	1644.355	1528.166	1474.179	1391.828	1501.505	1487.558	1716.29	1518.657	1549.503	1431.068	1528.945	1235.817	1327.798	1361.598	1435.635	1580.8	1500.499	1410.862	1402.53	1428.497	1407.738	1402.577	1430.744	1456.916	1793.408	-1	-1	-1
13	1575.417	1177.001	-1	-1	-1	-1	1771.508	1503.058	1401.108	1447.249	1370.392	1364.805	1351.894	1376.128	1372.387	1430.127	1450.931	1450.339	1409.035	1606.401	1544.203	1527.151	1293.932	1302.726	1543.371	1438.254	1521.631	1537.144	1545.988	1607.426	1654.878	1595.445	1665.333	1658.32	1665.688	1672.188	1671.47	1663.394	1654.424	1654.424	1663.394	1671.47	1672.188	1665.688	1658.32	1665.333	1595.445	1654.878	1607.426	1545.988	1537.144	1521.631	1438.254	1543.371	1302.726	1293.932	1527.151	1544.203	1606.401	1409.035	1450.339	1450.931	1430.127	1372.387	1376.128	1351.894	1364.805	1370.392	1447.249	1401.108	1503.058	1771.508	-1	-1	-1
14	1589.74	1123.022	940.022	-1	-1	-1	1691.62	1469.959	1476.311	1426.382	1473.364	1468.929	1421.545	1393.843	1417.827	1454.306	1314.303	1388.979	1314.492	1289.746	1369.282	1411.656	1600.667	1470.471	1535.949	1477.484	1600.193	1567.236	1629.72	1605.263	1659.304	1640.011	1709.496	1704.029	1709.404	1712.77	1712.196	1707.616	1701.075	1701.075	1707.616	1712.196	1712.77	1709.404	1704.029	1709.496	1640.011	1659.304	1605.263	1629.72	1567.236	1600.193	1477.484	1535.949	1470.471	1600.667	1411.656	1369.282	1289.746	1314.492	1388.979	1314.303	1454.306	1417.827	1393.843	1421.545	1468.929	1473.364	1426.382	1476.311	1469.959	1691.62	-1	-1	-1
15	1626.777	1231.183	1284.69	-1	-1	-1	1766.856	1462.16	1406.185	1402.533	1405.833	1391.235	1400.923	1360.663	1361.425	1429.89	1502.063	1451.281	1530.346	1462.281	1493.486	1560.307	1592.227	1517.598	1570.509	1558.498	1605.248	1624.41	1670.322	1663.657	1698.779	1685.497	1722.676	1729.462	1739.006	1748.556	1749.092	1740.939	1733.272	1733.272	1740.939	1749.092	1748.556	1739.006	1729.462	1722.676	1685.497	1698.779	1663.657	1670.322	1624.41	1605.248	1558.498	1570.509	1517.598	1592.227	1560.307	1493.486	1462.281	1530.346	1451.281	1502.063	1429.89	1361.425	1360.663	1400.923	1391.235	1405.833	1402.533	1406.185	1462.16	1766.856	-1	-1	-1
16	1479.398	-1	-1	-1	-1	-1	1630.112	1456.209	1385.612	1419.705	1406.619	1403.139	1370.276	1354.762	1389.515	1381.872	1436.448	1417.111	1404.47	1487.668	1521.567	1543.258	1573.147	1570.855	1620.069	1608.352	1647.893	1642.625	1685.099	1689.324	1725.768	1734.945	1769.319	1779.092	1788.725	1796.378	1797.309	1791.792	1784.731	1784.731	1791.792	1797.309	1796.378	1788.725	1779.092	1769.319	1734.945	1725.768	1689.324	1685.099	1642.625	1647.893	1608.352	1620.069	1570.855	1573.147	1543.258	1521.567	1487.668	1404.47	1417.111	1436.448	1381.872	1389.515	1354.762	1370.276	1403.139	1406.619	1419.705	1385.612	1456.209	1630.112	-1	-1	-1
17	1474.783	-1	-1	-1	-1	-1	1651.415	1333.154	1389.192	1408.627	1422.353	1390.549	1378.496	1365.024	1385.177	1387.484	1464.398	1451.967	1494.76	1481.801	1558.992	1535.948	1566.963	1584.862	1617.92	1622.728	1661.385	1673.286	1697.855	1720.223	1751.592	1761.945	1789.772	1801.415	1811.814	1820.929	1822.141	1815.672	1808.283	1808.283	1815.672	1822.141	1820.929	1811.814	1801.415	1789.772	1761.945	1751.592	1720.223	1697.855	1673.286	1661.385	1622.728	1617.92	1584.862	1566.963	1535.948	1558.992	1481.801	1494.76	1451.967	1464.398	1387.484	1385.177	1365.024	1378.496	1390.549	1422.353	1408.627	1389.192	1333.154	1651.415	-1	-1	-1
18	1477.706	-1	-1	-1	-1	-1	1557.818	1404.875	1364.209	1378.634	1363.83	1341.778	1334.929	1344.803	1367.268	1409.043	1407.37	1455.68	1513.4	1530.492	1563.809	1577.994	1585.599	1601.228	1619.224	1644.164	1676.065	1695.399	1722.186	1747.489	1774.711	1789.676	1813.552	1823.089	1832.613	1841.293	1842.386	1835.981	1828.892	1828.892	1835.981	1842.386	1841.293	1832.613	1823.089	1813.552	1789.676	1774.711	1747.489	1722.186	1695.399	1676.065	1644.164	1619.224	1601.228	1585.599	1577.994	1563.809	1530.492	1513.4	1455.68	1407.37	1409.043	1367.268	1344.803	1334.929	1341.778	1363.83	1378.634	1364.209	1404.875	1557.818	-1	-1	-1
19	1492.092	1372.279	1447.122	-1	-1	-1	1544.607	1350.016	1333.494	1345.247	1345.512	1350.896	1348.832	1364.123	1408.403	1444.969	1468.953	1480.01	1513.51	1510.126	1539.631	1562.174	1592.379	1613.206	1638.529	1663.556	1692.019	1714.707	1735.619	1758.816	1782.78	1798.307	1820.048	1832.297	1842.302	1850.515	1852.03	1846.854	1839.927	1839.927	1846.854	1852.03	1850.515	1842.302	1832.297	1820.048	1798.307	1782.78	1758.816	1735.619	1714.707	1692.019	1663.556	1638.529	1613.206	1592.379	1562.174	1539.631	1510.126	1513.51	1480.01	1468.953	1444.969	1408.403	1364.123	1348.832	1350.896	1345.512	1345.247	1333.494	1350.016	1544.607	-1	-1	-1
20	1556.867	1054.784	1104.684	-1	-1	-1	1657.291	1422.517	1344.995	1368.738	1314.714	1354.274	1325.864	1343.772	1372.636	1391.117	1460.795	1490.47	1505.034	1530.67	1551.989	1589.001	1593.299	1619.717	1636.77	1670.76	1688.354	1714.277	1735.75	1757.478	1782.784	1803.896	1820.113	1831.666	1841.353	1849.752	1851.306	1845.905	1839.086	1839.086	1845.905	1851.306	1849.752	1841.353	1831.666	1820.113	1803.896	1782.784	1757.478	1735.75	1714.277	1688.354	1670.76	1636.77	1619.717	1593.299	1589.001	1551.989	1530.67	1505.034	1490.47	1460.795	1391.117	1372.636	1343.772	1325.864	1354.274	1314.714	1368.738	1344.995	1422.517	1657.291	-1	-1	-1
21	1473.246	-1	-1	-1	-1	-1	1548.014	1410.166	1394.731	1378.806	1381.487	1337.605	1350.768	1358.792	1397.479	1402.333	1471.676	1485.091	1510.345	1536.068	1554.435	1583.5	1595.763	1619.819	1630.043	1660.117	1682.324	1702.552	1730.953	1754.596	1774.643	1794.679	1809.84	1820.232	1827.542	1831.932	1833.335	1831.635	1826.879	1826.879	1831.635	1833.335	1831.932	1827.542	1820.232	1809.84	1794.679	1774.643	1754.596	1730.953	1702.552	1682.324	1660.117	1630.043	1619.819	1595.763	1583.5	1554.435	1536.068	1510.345	1485.091	1471.676	1402.333	1397.479	1358.792	1350.768	1337.605	1381.487	1378.806	1394.731	1410.166	1548.014	-1	-1	-1
22	1391.736	-1	-1	-1	-1	-1	1442.18	1350.325	1362.042	1346.793	1376.392	1378.383	1377.522	1367.476	1404.991	1411.864	1434.83	1463.039	1477.18	1522.484	1538.9	1566.734	1593.193	1615.003	1632.74	1655.379	1677.283	1694.212	1712.81	1730.956	1753.529	1776.525	1788.1	1800.222	1807.385	1810.705	1812.413	1812.324	1808.142	1808.142	1812.324	1812.413	1810.705	1807.385	1800.222	1788.1	1776.525	1753.529	1730.956	1712.81	1694.212	1677.283	1655.379	1632.74	1615.003	1593.193	1566.734	1538.9	1522.484	1477.18	1463.039	1434.83	1411.864	1404.991	1367.476	1377.522	1378.383	1376.392	1346.793	1362.042	1350.325	1442.18	-1	-1	-1
23	1559.945	1177.001	-1	-1	-1	-1	1637.367	1426.919	1431.533	1376.203	1402.105	1375.205	1365.633	1380.5	1397.067	1420.538	1419.915	1460.997	1482.941	1510.231	1525.875	1537.704	1566.895	1588.274	1607.392	1634.493	1658.657	1682.109	1691.759	1721.479	1733.767	1749.942	1752.515	1759.886	1764.433	1767.82	1768.858	1767.435	1764.692	1764.692	1767.435	1768.858	1767.82	1764.433	1759.886	1752.515	1749.942	1733.767	1721.479	1691.759	1682.109	1658.657	1634.493	1607.392	1588.274	1566.895	1537.704	1525.875	1510.231	1482.941	1460.997	1419.915	1420.538	1397.067	1380.5	1365.633	1375.205	1402.105	1376.203	1431.533	1426.919	1637.367	-1	-1	-1
24	1353.319	1451.798	-1	-1	-1	-1	1419.463	1422.811	1353.222	1374.07	1322.076	1354.889	1375.702	1386.583	1382.675	1386.517	1402.002	1430.675	1456.586	1495.096	1496.262	1532.997	1540.184	1582.189	1603.838	1622.165	1636.18	1659.2	1672.287	1694.422	1709.906	1721.311	1725.127	1731.094	1733.651	1733.544	1734.39	1736.12	1735.034	1735.034	1736.12	1734.39	1733.544	1733.651	1731.094	1725.127	1721.311	1709.906	1694.422	1672.287	1659.2	1636.18	1622.165	1603.838	1582.189	1540.184	1532.997	1496.262	1495.096	1456.586	1430.675	1402.002	1386.517	1382.675	1386.583	1375.702	1354.889	1322.076	1374.07	1353.222	1422.811	1419.463	-1	-1	-1
25	1465.453	1249.065	1264.897	-1	-1	-1	1544.733	1352.681	1332.318	1338.262	1328.907	1347.647	1321.634	1358.83	1358.42	1376.576	1390.305	1434.105	1444.634	1479.851	1477.52	1513.12	1521.514	1549.066	1549.367	1581.731	1595.7	1616.203	1638.466	1668.223	1671.321	1694.99	1690.417	1699.004	1700.163	1697.04	1698.24	1703.612	1704.551	1704.551	1703.612	1698.24	1697.04	1700.163	1699.004	1690.417	1694.99	1671.321	1668.223	1638.466	1616.203	1595.7	1581.731	1549.367	1549.066	1521.514	1513.12	1477.52	1479.851	1444.634	1434.105	1390.305	1376.576	1358.42	1358.83	1321.634	1347.647	1328.907	1338.262	1332.318	1352.681	1544.733	-1	-1	-1
26	1380.155	1694.184	-1	-1	-1	-1	1562.545	1340.762	1353.594	1352.893	1328.013	1337.842	1353.858	1343.782	1339.066	1368.732	1374.752	1378.847	1437.853	1459.303	1472.625	1492.436	1495.424	1531.111	1542.828	1562.375	1572.486	1600.949	1593.134	1619.375	1633.199	1654.567	1647.723	1655.363	1657.53	1657.387	1658.482	1660.734	1660.501	1660.501	1660.734	1658.482	1657.387	1657.53	1655.363	1647.723	1654.567	1633.199	1619.375	1593.134	1600.949	1572.486	1562.375	1542.828	1531.111	1495.424	1492.436	1472.625	1459.303	1437.853	1378.847	1374.752	1368.732	1339.066	1343.782	1353.858	1337.842	1328.013	1352.893	1353.594	1340.762	1562.545	-1	-1	-1
27	1531.72	1361.073	1353.728	-1	-1	-1	1704.179	1425.699	1377.902	1370.8	1364.799	1332.377	1324.282	1303.052	1303.512	1320.71	1354.066	1370.436	1356.345	1423.616	1436.699	1463.785	1467.483	1479.801	1504.483	1519.724	1530.688	1554.555	1549.898	1569.759	1554.673	1599.257	1583.313	1587.869	1591.67	1598.327	1598.968	1593.502	1590.827	1590.827	1593.502	1598.968	1598.327	1591.67	1587.869	1583.313	1599.257	1554.673	1569.759	1549.898	1554.555	1530.688	1519.724	1504.483	1479.801	1467.483	1463.785	1436.699	1423.616	1356.345	1370.436	1354.066	1320.71	1303.512	1303.052	1324.282	1332.377	1364.799	1370.8	1377.902	1425.699	1704.179	-1	-1	-1
28	1387.33	1653.938	-1	-1	-1	-1	1700.449	1305.023	1333.395	1348.898	1297.644	1306.598	1304.297	1316.815	1344.313	1325.257	1336.448	1384.76	1366.822	1428.666	1423.537	1451.594	1426.103	1460.972	1441.845	1451.058	1464.311	1480.701	1477.368	1521.053	1523.737	1553.52	1542.347	1561.309	1570.383	1579.189	1581.773	1577.825	1573.334	1573.334	1577.825	1581.773	1579.189	1570.383	1561.309	1542.347	1553.52	1523.737	1521.053	1477.368	1480.701	1464.311	1451.058	1441.845	1460.972	1426.103	1451.594	1423.537	1428.666	1366.822	1384.76	1336.448	1325.257	1344.313	1316.815	1304.297	1306.598	1297.644	1348.898	1333.395	1305.023	1700.449	-1	-1	-1
29	1451.574	1305.501	1316.766	-1	-1	-1	1450.341	1384.621	1364.646	1323.321	1299.18	1322.28	1314.459	1280.616	1295.268	1281.668	1266.146	1295.421	1319.32	1383.581	1386.725	1382.07	1384.874	1440.716	1408.605	1416.754	1434.738	1453.037	1454.11	1482.822	1489.258	1527.815	1519.067	1521.337	1524.494	1529.65	1529.993	1525.44	1522.838	1522.838	1525.44	1529.993	1529.65	1524.494	1521.337	1519.067	1527.815	1489.258	1482.822	1454.11	1453.037	1434.738	1416.754	1408.605	1440.716	1384.874	1382.07	1386.725	1383.581	1319.32	1295.421	1266.146	1281.668	1295.268	1280.616	1314.459	1322.28	1299.18	1323.321	1364.646	1384.621	1450.341	-1	-1	-1
30	1475.736	1380.403	1365.823	-1	-1	-1	1481.11	1368.236	1436.918	1390.6	1358.997	1349.325	1313.655	1286.299	1266.1	1244.117	1266.974	1272.609	1273.855	1317.692	1384.33	1385.998	1398.064	1379.265	1390.966	1390.626	1399.613	1427.3	1413.308	1462.651	1394.133	1439.472	1485.955	1482.465	1486.432	1485.312	1484.83	1485.06	1480.087	1480.087	1485.06	1484.83	1485.312	1486.432	1482.465	1485.955	1439.472	1394.133	1462.651	1413.308	1427.3	1399.613	1390.626	1390.966	1379.265	1398.064	1385.998	1384.33	1317.692	1273.855	1272.609	1266.974	1244.117	1266.1	1286.299	1313.655	1349.325	1358.997	1390.6	1436.918	1368.236	1481.11	-1	-1	-1
31	1286.284	-1	-1	-1	-1	-1	1290.48	1317.982	1378.683	1413.792	1363.416	1348.345	1318.62	1314.914	1323.63	1325.089	1296.419	1243.614	1285.068	1303.782	1374.024	1371.594	1361.952	1338.948	1330.893	1333.786	1349.193	1334.505	1344.987	1359.594	1421.008	1413.917	1435.666	1432.203	1436.776	1442.594	1442.172	1435.474	1429.933	1429.933	1435.474	1442.172	1442.594	1436.776	1432.203	1435.666	1413.917	1421.008	1359.594	1344.987	1334.505	1349.193	1333.786	1330.893	1338.948	1361.952	1371.594	1374.024	1303.782	1285.068	1243.614	1296.419	1325.089	1323.63	1314.914	1318.62	1348.345	1363.416	1413.792	1378.683	1317.982	1290.48	-1	-1	-1
32	1294.013	1469.634	-1	-1	-1	-1	1376.574	1312.067	1335.791	1299.056	1275.377	1277.517	1308.544	1294.003	1290.699	1271.078	1290.861	1273.969	1261.288	1299.607	1340.535	1313.617	1275.876	1282.523	1308.136	1291.614	1278.767	1339.171	1386.284	1434.251	1435.539	1405.469	1441.729	1403.621	1390.919	1384.959	1378.409	1371.67	1373.22	1373.22	1371.67	1378.409	1384.959	1390.919	1403.621	1441.729	1405.469	1435.539	1434.251	1386.284	1339.171	1278.767	1291.614	1308.136	1282.523	1275.876	1313.617	1340.535	1299.607	1261.288	1273.969	1290.861	1271.078	1290.699	1294.003	1308.544	1277.517	1275.377	1299.056	1335.791	1312.067	1376.574	-1	-1	-1
33	1459.683	1464.225	1429.83	-1	-1	-1	1478.004	1493.289	1382.682	1391.206	1363.403	1338.852	1313.003	1282.896	1238.166	1251.644	1239.293	1239.685	1222.543	1221.416	1181.885	1190.57	1225.498	1199.144	1227.372	1256.085	1251.104	1330.142	1394.863	1359.849	1434.025	1387.43	1440.474	1440.906	1454.342	1472.544	1472.807	1454.781	1441.197	1441.197	1454.781	1472.807	1472.544	1454.342	1440.906	1440.474	1387.43	1434.025	1359.849	1394.863	1330.142	1251.104	1256.085	1227.372	1199.144	1225.498	1190.57	1181.885	1221.416	1222.543	1239.685	1239.293	1251.644	1238.166	1282.896	1313.003	1338.852	1363.403	1391.206	1382.682	1493.289	1478.004	-1	-1	-1
34	1296.612	-1	-1	-1	-1	-1	1351.878	1387.754	1376.049	1363.896	1293.383	1320.792	1314.843	1330.011	1316.086	1310.497	1316.849	1238.741	1264.082	1259.841	1220.703	1211.022	1215.412	1204.496	1209.85	1231.339	1221.384	1264.616	1269.866	1287.184	1374.137	1399.666	1424.834	1452.091	1474.034	1494.367	1497.195	1482.797	1467.713	1467.713	1482.797	1497.195	1494.367	1474.034	1452.091	1424.834	1399.666	1374.137	1287.184	1269.866	1264.616	1221.384	1231.339	1209.85	1204.496	1215.412	1211.022	1220.703	1259.841	1264.082	1238.741	1316.849	1310.497	1316.086	1330.011	1314.843	1320.792	1293.383	1363.896	1376.049	1387.754	1351.878	-1	-1	-1
35	1593.033	1371.03	-1	-1	-1	-1	1715.855	1497.607	1382.634	1397.907	1373.519	1285.446	1252.559	1299.736	1249.808	1245.436	1253.773	1261.156	1316.478	1311.812	1244.309	1275.874	1189.646	1206.31	1175.751	1177.098	1188.397	1196.807	1203.468	1309.916	1383.69	1310.038	1390.82	1408.577	1425.471	1444.456	1447.404	1434.027	1422.056	1422.056	1434.027	1447.404	1444.456	1425.471	1408.577	1390.82	1310.038	1383.69	1309.916	1203.468	1196.807	1188.397	1177.098	1175.751	1206.31	1189.646	1275.874	1244.309	1311.812	1316.478	1261.156	1253.773	1245.436	1249.808	1299.736	1252.559	1285.446	1373.519	1397.907	1382.634	1497.607	1715.855	-1	-1	-1
36	1366.626	1524.44	1453.753	-1	-1	-1	1387.991	1424.508	1481.355	1395.387	1428.638	1393.86	1421.798	1367.096	1309.639	1321.975	1257.308	1249.371	1225.814	1186.217	1248.189	1236.499	1252.301	1235.629	1231.026	1229.477	1209.495	1199.715	1183.93	1246.84	1207.899	1277.893	1363.274	1380.664	1392.237	1397.878	1400.328	1399.304	1392.3	1392.3	1399.304	1400.328	1397.878	1392.237	1380.664	1363.274	1277.893	1207.899	1246.84	1183.93	1199.715	1209.495	1229.477	1231.026	1235.629	1252.301	1236.499	1248.189	1186.217	1225.814	1249.371	1257.308	1321.975	1309.639	1367.096	1421.798	1393.86	1428.638	1395.387	1481.355	1424.508	1387.991	-1	-1	-1
37	1459.988	-1	-1	-1	-1	-1	1539.032	1532.335	1473.048	1417.574	1459.089	1471.964	1424.121	1348.01	1375.02	1350.805	1370.493	1304.431	1271.99	1216.762	1185.16	1196.14	1184.18	1169.483	1185.204	1165.783	1172.992	1181.416	1257.068	1231.337	1259.292	1263.572	1298.579	1298.922	1307.374	1319.367	1319.612	1307.754	1299.162	1299.162	1307.754	1319.612	1319.367	1307.374	1298.922	1298.579	1263.572	1259.292	1231.337	1257.068	1181.416	1172.992	1165.783	1185.204	1169.483	1184.18	1196.14	1185.16	1216.762	1271.99	1304.431	1370.493	1350.805	1375.02	1348.01	1424.121	1471.964	1459.089	1417.574	1473.048	1532.335	1539.032	-1	-1	-1
38	1487.24	1366.551	1177.004	-1	-1	-1	1536.395	1582.901	1469.874	1492.869	1478.573	1419.534	1448.173	1436.784	1402.136	1298.665	1265.538	1258.305	1341.435	1337.299	1229.703	1247.218	1236.903	1188.31	1210.501	1201.657	1175.842	1185.629	1185.037	1282.618	1333.564	1329.399	1368.773	1354.369	1364.991	1391.994	1390.279	1359.453	1344.786	1344.786	1359.453	1390.279	1391.994	1364.991	1354.369	1368.773	1329.399	1333.564	1282.618	1185.037	1185.629	1175.842	1201.657	1210.501	1188.31	1236.903	1247.218	1229.703	1337.299	1341.435	1258.305	1265.538	1298.665	1402.136	1436.784	1448.173	1419.534	1478.573	1492.869	1469.874	1582.901	1536.395	-1	-1	-1
39	1411.229	1542.189	1165.607	962.29	-1	-1	1469.416	1609.519	1546.425	1503.952	1475.304	1430.508	1395.431	1374.507	1256.417	1300.313	1344.504	1329.643	1311.276	1322.488	1308.458	1198.376	1206.073	1162.02	1165.195	1220.846	1179.329	1266.244	1277.363	1330.174	1274.919	1240.276	1190.227	1174.503	1169.93	1186.443	1184.351	1163.062	1163.201	1163.201	1163.062	1184.351	1186.443	1169.93	1174.503	1190.227	1240.276	1274.919	1330.174	1277.363	1266.244	1179.329	1220.846	1165.195	1162.02	1206.073	1198.376	1308.458	1322.488	1311.276	1329.643	1344.504	1300.313	1256.417	1374.507	1395.431	1430.508	1475.304	1503.952	1546.425	1609.519	1469.416	-1	-1	962.29
40	1297.449	-1	-1	-1	-1	-1	1377.745	1587.202	1510.759	1522.027	1540.079	1555.698	1523.262	1527.778	1441.988	1288.486	1365.549	1201.289	1177.344	1178.663	1181.175	1142.252	1148.909	1162.649	1171.512	1162.113	1168.892	1176.766	1256.363	1286.952	1386.487	1445.158	1460.056	1468.244	1469.138	1468.417	1469.438	1472.133	1473.209	1473.209	1472.133	1469.438	1468.417	1469.138	1468.244	1460.056	1445.158	1386.487	1286.952	1256.363	1176.766	1168.892	1162.113	1171.512	1162.649	1148.909	1142.252	1181.175	1178.663	1177.344	1201.289	1365.549	1288.486	1441.988	1527.778	1523.262	1555.698	1540.079	1522.027	1510.759	1587.202	1377.745	-1	-1	-1
41	1437.976	1588.414	1571.661	-1	-1	-1	1381.843	1626.818	1541.144	1460.435	1528.217	1524.606	1472.628	1470.877	1378.264	1265.595	1273.366	1182.283	1222.203	1295.462	1289.88	1341.76	1392.625	1359.672	1324.612	1240.359	1206.852	1260.341	1257.234	1321.281	1326.114	1279.788	1433.02	1419.974	1423.486	1456.687	1455.167	1418.925	1411.988	1411.988	1418.925	1455.167	1456.687	1423.486	1419.974	1433.02	1279.788	1326.114	1321.281	1257.234	1260.341	1206.852	1240.359	1324.612	1359.672	1392.625	1341.76	1289.88	1295.462	1222.203	1182.283	1273.366	1265.595	1378.264	1470.877	1472.628	1524.606	1528.217	1460.435	1541.144	1626.818	1381.843	-1	-1	-1
42	1619.475	1318.323	1279.072	1103.855	-1	-1	1589.179	1587.799	1517.818	1496.596	1511.808	1510.51	1444.088	1364.488	1320.563	1181.892	1227.714	1364.428	1329.721	1278.223	1179.623	1175.76	1208.723	1201.414	1188.363	1180.729	1192.177	1196.613	1251.617	1269.067	1246.55	1239.983	1149.975	1168.228	1179.721	1185.736	1189.631	1191.135	1184.564	1184.564	1191.135	1189.631	1185.736	1179.721	1168.228	1149.975	1239.983	1246.55	1269.067	1251.617	1196.613	1192.177	1180.729	1188.363	1201.414	1208.723	1175.76	1179.623	1278.223	1329.721	1364.428	1227.714	1181.892	1320.563	1364.488	1444.088	1510.51	1511.808	1496.596	1517.818	1587.799	1589.179	-1	-1	1103.855
43	1596.886	1149.357	1122.067	1110.023	-1	-1	1547.863	1510.051	1576.257	1516.745	1390.118	1520.657	1596.064	1525.428	1619.348	1620.617	1487.637	1472.764	1412.386	1300.143	1243.902	1192.945	1196.475	1226.708	1250.376	1248.573	1246.9	1225.104	1128.802	1119.604	1529.576	1399.943	1254.93	1257.421	1256.34	1277.2	1277.26	1257.16	1258.778	1258.778	1257.16	1277.26	1277.2	1256.34	1257.421	1254.93	1399.943	1529.576	1119.604	1128.802	1225.104	1246.9	1248.573	1250.376	1226.708	1196.475	1192.945	1243.902	1300.143	1412.386	1472.764	1487.637	1620.617	1619.348	1525.428	1596.064	1520.657	1390.118	1516.745	1576.257	1510.051	1547.863	-1	-1	1110.023
44	1380.011	-1	-1	-1	-1	-1	1323.453	1581.594	1589.397	1499.57	1565.592	1559.905	1598.824	1576.114	1572.607	1456.181	1562.627	1440.591	1417.828	1359.585	1340.081	1187.608	1231.141	1187.514	1235.217	1223.324	1184.427	1163.112	1224.33	1205.158	1219.337	1399.594	1322.272	1329.957	1303.748	1275.472	1275.434	1305.458	1336.35	1336.35	1305.458	1275.434	1275.472	1303.748	1329.957	1322.272	1399.594	1219.337	1205.158	1224.33	1163.112	1184.427	1223.324	1235.217	1187.514	1231.141	1187.608	1340.081	1359.585	1417.828	1440.591	1562.627	1456.181	1572.607	1576.114	1598.824	1559.905	1565.592	1499.57	1589.397	1581.594	1323.453	-1	-1	-1
45	1570.798	1566.185	1560.723	-1	-1	-1	1696.012	1491.432	1667.103	1614.513	1601.462	1579.052	1584.063	1527.746	1481.39	1394.898	1319.602	1285.033	1192.416	1220.018	1226.335	1206.198	1176.512	1198.381	1266.849	1233.844	1223.951	1228.49	1162.993	1220.197	1189.206	1229.68	1226.792	1250.875	1273.606	1274.655	1277.303	1283.304	1267.473	1267.473	1283.304	1277.303	1274.655	1273.606	1250.875	1226.792	1229.68	1189.206	1220.197	1162.993	1228.49	1223.951	1233.844	1266.849	1198.381	1176.512	1206.198	1226.335	1220.018	1192.416	1285.033	1319.602	1394.898	1481.39	1527.746	1584.063	1579.052	1601.462	1614.513	1667.103	1491.432	1696.012	-1	-1	-1
