lateral	-38.5	-37.5	-36.5	-35.5	-34.5	-33.5	-32.5	-31.5	-30.5	-29.5	-28.5	-27.5	-26.5	-25.5	-24.5	-23.5	-22.5	-21.5	-20.5	-19.5	-18.5	-17.5	-16.5	-15.5	-14.5	-13.5	-12.5	-11.5	-10.5	-9.5	-8.5	-7.5	-6.5	-5.5	-4.5	-3.5	-2.5	-1.5	-0.5	0.5	1.5	2.5	3.5	4.5	5.5	6.5	7.5	8.5	9.5	10.5	11.5	12.5	13.5	14.5	15.5	16.5	17.5	18.5	19.5	20.5	21.5	22.5	23.5	24.5	25.5	26.5	27.5	28.5	29.5	30.5	31.5	32.5	33.5	34.5	35.5
DFB	mm	mm	mm	mm	mm	mm	mm	mm	mm	mm	mm	mm	mm	mm	mm	mm	mm	mm	mm	mm	mm	mm	mm	mm	mm	mm	mm	mm	mm	mm	mm	mm	mm	mm	mm	mm	mm	mm	mm	mm	mm	mm	mm	mm	mm	mm	mm	mm	mm	mm	mm	mm	mm	mm	mm	mm	mm	mm	mm	mm	mm	mm	mm	mm	mm	mm	mm	mm	mm	mm	mm	mm	mm	mm	mm
mm																																																																											
-5	-1	-1	-1	-1	-1	-1	-1	-1	-1	-1	-1	-1	-1	-1	-1	-1	1265.26	1047.788	-1	-1	1126.528	1158.181	1160.549	-1	-1	-1	-1	-1	-1	-1	-1	-1	-1	-1	-1	-1	-1	-1	-1	-1	-1	-1	-1	-1	-1	-1	-1	-1	-1	-1	-1	-1	-1	-1	-1	1160.549	1158.181	1126.528	-1	-1	1047.788	1265.26	-1	-1	-1	-1	-1	-1	-1	-1	-1	-1	-1	-1	-1
-4	-1	-1	-1	-1	-1	-1	-1	-1	-1	-1	-1	-1	1437.32	1357.689	-1	1362.722	-1	-1	-1	-1	-1	-1	-1	-1	-1	-1	-1	-1	-1	-1	-1	-1	-1	-1	-1	-1	-1	-1	-1	-1	-1	-1	-1	-1	-1	-1	-1	-1	-1	-1	-1	-1	-1	-1	-1	-1	-1	-1	-1	-1	-1	-1	1362.722	-1	1357.689	1437.32	-1	-1	-1	-1	-1	-1	-1	-1	-1
-3	-1	-1	-1	-1	-1	-1	-1	-1	1294.562	1118.69	1060.267	1004.841	1047.702	956.335	951.457	740.533	509.706	-1	-1	-1	-1	-1	-1	-1	-1	-1	-1	-1	-1	-1	-1	-1	-1	-1	-1	-1	-1	-1	-1	-1	-1	-1	-1	-1	-1	-1	-1	-1	-1	-1	-1	-1	-1	-1	-1	-1	-1	-1	-1	-1	-1	509.706	740.533	951.457	956.335	1047.702	1004.841	1060.267	1118.69	1294.562	-1	-1	-1	-1	-1
-2	-1	-1	-1	-1	-1	-1	-1	-1	1065.332	992.47	1002.11	955.779	998.306	988.108	893.802	904.004	-1	-1	-1	-1	-1	-1	-1	-1	-1	-1	-1	-1	-1	-1	-1	-1	-1	-1	-1	-1	-1	-1	-1	-1	-1	-1	-1	-1	-1	-1	-1	-1	-1	-1	-1	-1	-1	-1	-1	-1	-1	-1	-1	-1	-1	-1	904.004	893.802	988.108	998.306	955.779	1002.11	992.47	1065.332	-1	-1	-1	-1	-1
-1	-1	1553.263	-1	-1	-1	-1	-1	564.173	745.28	844.017	870.061	883.942	897.37	901.939	903.54	837.949	828.691	570.295	-1	-1	-1	-1	-1	-1	-1	-1	-1	-1	-1	-1	-1	-1	-1	-1	-1	-1	-1	-1	-1	-1	-1	-1	-1	-1	-1	-1	-1	-1	-1	-1	-1	-1	-1	-1	-1	-1	-1	-1	-1	-1	570.295	828.691	837.949	903.54	901.939	897.37	883.942	870.061	844.017	745.28	564.173	-1	-1	-1	-1
0	-1	1018.773	1267.51	-1	-1	-1	-1	858.704	895.591	891.339	893.107	883.068	890.112	887.219	857.117	866.501	839.371	850.389	832.525	852.529	892.373	887.594	880.973	929.052	989.919	915.576	859.509	942.079	909.576	1002.638	1013.491	1238.024	1412.357	1568.337	1596.395	1493.035	1518.113	1665.511	1674.961	1674.961	1665.511	1518.113	1493.035	1596.395	1568.337	1412.357	1238.024	1013.491	1002.638	909.576	942.079	859.509	915.576	989.919	929.052	880.973	887.594	892.373	852.529	832.525	850.389	839.371	866.501	857.117	887.219	890.112	883.068	893.107	891.339	895.591	858.704	-1	-1	-1	-1
1	-1	1301.453	1600.522	-1	-1	-1	-1	844.746	916.998	914.779	905.116	907.188	909.429	892.132	891.027	887.521	885.373	884.554	892.945	918.028	952.409	961.509	946.744	986.703	1002.919	998.33	1019.732	1068.743	1088.406	1165.99	1318.646	1315.618	1519.285	1535.059	1503.247	1360.943	1361.493	1509.22	1546.078	1546.078	1509.22	1361.493	1360.943	1503.247	1535.059	1519.285	1315.618	1318.646	1165.99	1088.406	1068.743	1019.732	998.33	1002.919	986.703	946.744	961.509	952.409	918.028	892.945	884.554	885.373	887.521	891.027	892.132	909.429	907.188	905.116	914.779	916.998	844.746	-1	-1	-1	-1
2	-1	1115.639	1334.744	-1	-1	-1	-1	1407.475	946.667	913.401	899.66	898.055	908.974	901.993	893.697	892.873	897.107	908.715	933.735	993.675	1070.506	1132.196	1144.579	1223.914	1255.265	1248.515	1275.41	1281.232	1325.736	1385.298	1504.47	1600.805	1754.925	1773.004	1768.295	1691.732	1693.621	1775.789	1785.319	1785.319	1775.789	1693.621	1691.732	1768.295	1773.004	1754.925	1600.805	1504.47	1385.298	1325.736	1281.232	1275.41	1248.515	1255.265	1223.914	1144.579	1132.196	1070.506	993.675	933.735	908.715	897.107	892.873	893.697	901.993	908.974	898.055	899.66	913.401	946.667	1407.475	-1	-1	-1	-1
3	-1	1374.171	1370.14	-1	-1	-1	-1	1411.556	1018.829	925.274	930.832	942.271	947.754	940.339	943.057	961.896	992.022	1073.518	1206.941	1399.322	1590.399	1677.831	1724.956	1727.814	1709.369	1680.933	1717.63	1676.793	1766.044	1750.996	1878.032	1924.605	2142.741	2152.809	2170.928	2145.567	2146.819	2174.685	2159.057	2159.057	2174.685	2146.819	2145.567	2170.928	2152.809	2142.741	1924.605	1878.032	1750.996	1766.044	1676.793	1717.63	1680.933	1709.369	1727.814	1724.956	1677.831	1590.399	1399.322	1206.941	1073.518	992.022	961.896	943.057	940.339	947.754	942.271	930.832	925.274	1018.829	1411.556	-1	-1	-1	-1
4	-1	1151.228	1343.739	-1	-1	-1	-1	-1	1185.075	992.91	847.241	912.552	966.035	1020.477	1094.423	1215.539	1378.013	1546.606	1713.106	1779.478	1852.344	1858.693	1894.526	1894.045	1910.302	1928.582	1948.299	1911.902	1915.356	1924.414	1975.242	1939.963	1988.188	1977.422	1983.291	1992.229	1990.842	1979.02	1970.289	1970.289	1979.02	1990.842	1992.229	1983.291	1977.422	1988.188	1939.963	1975.242	1924.414	1915.356	1911.902	1948.299	1928.582	1910.302	1894.045	1894.526	1858.693	1852.344	1779.478	1713.106	1546.606	1378.013	1215.539	1094.423	1020.477	966.035	912.552	847.241	992.91	1185.075	-1	-1	-1	-1	-1
5	-1	-1	1676.505	-1	-1	-1	-1	-1	1373.257	1201.225	1105.944	1220.623	1270.83	1379.74	1470.856	1563.454	1628.29	1685.894	1750.041	1789.164	1825.985	1857.045	1896.014	1915.563	1940.789	1951.864	1975.505	1977.703	1979.749	1979.83	1998.596	1956.806	1998.241	1991.99	1993.937	1994.774	1993.976	1991.547	1988.029	1988.029	1991.547	1993.976	1994.774	1993.937	1991.99	1998.241	1956.806	1998.596	1979.83	1979.749	1977.703	1975.505	1951.864	1940.789	1915.563	1896.014	1857.045	1825.985	1789.164	1750.041	1685.894	1628.29	1563.454	1470.856	1379.74	1270.83	1220.623	1105.944	1201.225	1373.257	-1	-1	-1	-1	-1
6	-1	-1	-1	-1	-1	-1	-1	1358.65	1269.169	1152.819	1171.176	1277.459	1436.972	1511.622	1594.512	1655.922	1712.079	1758.312	1805.98	1845.71	1884.762	1913.076	1952.28	1977.712	2005.101	2013.722	2036.587	2040.814	2050.753	2061.595	2094.756	2100.048	2097.108	2113.299	2116.515	2113.999	2116.111	2122.953	2123.915	2123.915	2122.953	2116.111	2113.999	2116.515	2113.299	2097.108	2100.048	2094.756	2061.595	2050.753	2040.814	2036.587	2013.722	2005.101	1977.712	1952.28	1913.076	1884.762	1845.71	1805.98	1758.312	1712.079	1655.922	1594.512	1511.622	1436.972	1277.459	1171.176	1152.819	1269.169	1358.65	-1	-1	-1	-1
7	-1	1594.526	1623.251	-1	-1	-1	-1	1328.585	1263.973	1220.79	1317.308	1429.241	1509.357	1583.13	1646.103	1707.126	1758.459	1799.564	1852.597	1885.425	1926.561	1961.047	2016.429	2046.62	2086.333	2118.133	2152.175	2151.688	2176.234	2195.734	2186.89	2197.107	2200.369	2228.945	2235.837	2232.74	2236.663	2248.057	2248.939	2248.939	2248.057	2236.663	2232.74	2235.837	2228.945	2200.369	2197.107	2186.89	2195.734	2176.234	2151.688	2152.175	2118.133	2086.333	2046.62	2016.429	1961.047	1926.561	1885.425	1852.597	1799.564	1758.459	1707.126	1646.103	1583.13	1509.357	1429.241	1317.308	1220.79	1263.973	1328.585	-1	-1	-1	-1
8	-1	1408.737	1442.549	1482.018	-1	-1	1332.45	1081.694	1224.154	1275.964	1410.704	1469.071	1559.838	1627.302	1689.383	1744.797	1794.244	1840.957	1893.616	1940.653	2003.399	2041.454	2111.711	2160.079	2222.779	2298.558	2355.642	2348.812	2360.709	2293.453	2342.03	2484.587	-1	-1	-1	-1	-1	-1	-1	-1	-1	-1	-1	-1	-1	-1	2484.587	2342.03	2293.453	2360.709	2348.812	2355.642	2298.558	2222.779	2160.079	2111.711	2041.454	2003.399	1940.653	1893.616	1840.957	1794.244	1744.797	1689.383	1627.302	1559.838	1469.071	1410.704	1275.964	1224.154	1081.694	1332.45	-1	-1	1482.018
9	-1	-1	-1	-1	-1	-1	1252.16	1167.586	1272.926	1375.705	1439.944	1522.694	1593.56	1656.063	1721.306	1771.182	1827.832	1874.417	1940.157	1994.498	2071.364	2165.71	2282.052	2404.316	-1	-1	-1	-1	-1	2294.204	2421.494	-1	-1	-1	-1	-1	-1	-1	-1	-1	-1	-1	-1	-1	-1	-1	-1	2421.494	2294.204	-1	-1	-1	-1	-1	2404.316	2282.052	2165.71	2071.364	1994.498	1940.157	1874.417	1827.832	1771.182	1721.306	1656.063	1593.56	1522.694	1439.944	1375.705	1272.926	1167.586	1252.16	-1	-1	-1
10	-1	-1	-1	-1	1472.532	1181.699	1155.366	1204.567	1339.536	1406.468	1487.399	1563.214	1630.942	1682.7	1741.067	1791.737	1836.102	1895.745	1961.503	2043.51	2152.184	2378.205	-1	-1	-1	-1	-1	-1	-1	-1	-1	-1	-1	-1	-1	-1	-1	-1	-1	-1	-1	-1	-1	-1	-1	-1	-1	-1	-1	-1	-1	-1	-1	-1	-1	-1	2378.205	2152.184	2043.51	1961.503	1895.745	1836.102	1791.737	1741.067	1682.7	1630.942	1563.214	1487.399	1406.468	1339.536	1204.567	1155.366	1181.699	1472.532	-1
11	-1	-1	-1	1631.616	1136.794	1033.703	1149.23	1249.992	1358.701	1434.865	1511.595	1575.104	1637.587	1694.497	1748.735	1796.432	1847.195	1917.033	1990.519	2119.366	2376.388	-1	-1	-1	-1	-1	-1	-1	-1	-1	-1	-1	-1	-1	-1	-1	-1	-1	-1	-1	-1	-1	-1	-1	-1	-1	-1	-1	-1	-1	-1	-1	-1	-1	-1	-1	-1	2376.388	2119.366	1990.519	1917.033	1847.195	1796.432	1748.735	1694.497	1637.587	1575.104	1511.595	1434.865	1358.701	1249.992	1149.23	1033.703	1136.794	1631.616
12	-1	-1	-1	-1	1248.936	1063.822	1148.432	1277.663	1373.145	1438.941	1507.623	1571.369	1637.441	1689.13	1749.771	1804.149	1845.862	1931.087	2031.015	2218.958	-1	-1	-1	-1	-1	-1	-1	-1	-1	-1	-1	-1	-1	-1	-1	-1	-1	-1	-1	-1	-1	-1	-1	-1	-1	-1	-1	-1	-1	-1	-1	-1	-1	-1	-1	-1	-1	-1	2218.958	2031.015	1931.087	1845.862	1804.149	1749.771	1689.13	1637.441	1571.369	1507.623	1438.941	1373.145	1277.663	1148.432	1063.822	1248.936	-1
13	-1	-1	1665.048	1380.636	1240.65	1225.625	1267.16	1326.99	1416.868	1484.749	1536.212	1601.172	1640.998	1692.983	1731.617	1787.808	1854.411	1948.366	2084.837	-1	-1	-1	-1	-1	-1	-1	-1	-1	-1	-1	-1	-1	-1	-1	-1	-1	-1	-1	-1	-1	-1	-1	-1	-1	-1	-1	-1	-1	-1	-1	-1	-1	-1	-1	-1	-1	-1	-1	-1	2084.837	1948.366	1854.411	1787.808	1731.617	1692.983	1640.998	1601.172	1536.212	1484.749	1416.868	1326.99	1267.16	1225.625	1240.65	1380.636
14	-1	-1	-1	1409.573	1221.491	1205.735	1244.472	1333.296	1409.787	1477.794	1515.22	1585.552	1636.904	1674.789	1712.048	1777.869	1831.467	1943.039	2166.965	-1	-1	-1	-1	-1	-1	-1	-1	-1	-1	-1	-1	-1	-1	-1	-1	-1	-1	-1	-1	-1	-1	-1	-1	-1	-1	-1	-1	-1	-1	-1	-1	-1	-1	-1	-1	-1	-1	-1	-1	2166.965	1943.039	1831.467	1777.869	1712.048	1674.789	1636.904	1585.552	1515.22	1477.794	1409.787	1333.296	1244.472	1205.735	1221.491	1409.573
15	-1	-1	1745.785	1346.876	1259.762	1257.354	1288.53	1364.483	1424.782	1479.687	1517.232	1559.445	1609.37	1652.275	1715.278	1766.951	1836.144	2054.741	-1	-1	-1	-1	-1	-1	-1	-1	-1	-1	-1	-1	-1	-1	-1	-1	-1	-1	-1	-1	-1	-1	-1	-1	-1	-1	-1	-1	-1	-1	-1	-1	-1	-1	-1	-1	-1	-1	-1	-1	-1	-1	2054.741	1836.144	1766.951	1715.278	1652.275	1609.37	1559.445	1517.232	1479.687	1424.782	1364.483	1288.53	1257.354	1259.762	1346.876
16	-1	-1	1371.311	1240.554	1254.4	1279.396	1312.978	1381.609	1444.769	1496.136	1526.098	1577.817	1620.29	1658.258	1684.116	1747.618	1786.365	1842.799	-1	-1	-1	-1	-1	-1	-1	-1	-1	-1	-1	-1	-1	-1	-1	-1	-1	-1	-1	-1	-1	-1	-1	-1	-1	-1	-1	-1	-1	-1	-1	-1	-1	-1	-1	-1	-1	-1	-1	-1	-1	-1	1842.799	1786.365	1747.618	1684.116	1658.258	1620.29	1577.817	1526.098	1496.136	1444.769	1381.609	1312.978	1279.396	1254.4	1240.554
17	-1	-1	1487.827	1281.616	1241.629	1247.742	1270.426	1337.498	1403.412	1448.085	1513.71	1552.309	1591.2	1620.326	1684.527	1780.331	1892.971	2024.007	-1	-1	-1	-1	-1	-1	-1	-1	-1	-1	-1	-1	-1	-1	-1	-1	-1	-1	-1	-1	-1	-1	-1	-1	-1	-1	-1	-1	-1	-1	-1	-1	-1	-1	-1	-1	-1	-1	-1	-1	-1	-1	2024.007	1892.971	1780.331	1684.527	1620.326	1591.2	1552.309	1513.71	1448.085	1403.412	1337.498	1270.426	1247.742	1241.629	1281.616
18	-1	1507.572	1330.811	1308.831	1323.707	1335.361	1353.09	1361.382	1430.893	1467.066	1470.731	1527.982	1545.83	1586.963	1645.681	1659.163	1773.549	-1	-1	-1	-1	-1	-1	-1	-1	2060.988	-1	-1	-1	-1	-1	-1	-1	-1	-1	-1	-1	-1	-1	-1	-1	-1	-1	-1	-1	-1	-1	-1	-1	-1	-1	-1	2060.988	-1	-1	-1	-1	-1	-1	-1	-1	1773.549	1659.163	1645.681	1586.963	1545.83	1527.982	1470.731	1467.066	1430.893	1361.382	1353.09	1335.361	1323.707	1308.831
19	-1	1667.013	1315.157	1286.606	1291.949	1305.478	1323.581	1367.548	1408.075	1425.524	1491.072	1516.672	1532.102	1556.663	1584.477	1662.895	1735.446	1842.192	-1	-1	-1	-1	-1	-1	-1	-1	-1	-1	-1	-1	-1	-1	-1	-1	-1	-1	-1	-1	-1	-1	-1	-1	-1	-1	-1	-1	-1	-1	-1	-1	-1	-1	-1	-1	-1	-1	-1	-1	-1	-1	1842.192	1735.446	1662.895	1584.477	1556.663	1532.102	1516.672	1491.072	1425.524	1408.075	1367.548	1323.581	1305.478	1291.949	1286.606
20	-1	-1	1564.219	1380.335	1295.293	1271.326	1272.145	1334.317	1392.571	1419.13	1458.895	1473.647	1529.098	1566.711	1645.357	1648.125	1598.772	-1	-1	-1	1848.55	1810.74	1856.648	1874.353	1948.485	-1	-1	-1	-1	-1	-1	-1	-1	-1	-1	-1	-1	-1	-1	-1	-1	-1	-1	-1	-1	-1	-1	-1	-1	-1	-1	-1	-1	1948.485	1874.353	1856.648	1810.74	1848.55	-1	-1	-1	1598.772	1648.125	1645.357	1566.711	1529.098	1473.647	1458.895	1419.13	1392.571	1334.317	1272.145	1271.326	1295.293	1380.335
21	-1	1622.994	1451.959	1326.547	1255.828	1227.204	1224.506	1293.166	1344.838	1390.252	1427.098	1481.714	1516.142	1552.987	1663.247	1759.36	-1	1802.487	1839.384	1885.187	-1	-1	2005.058	1989.412	2049.97	-1	-1	-1	-1	-1	-1	-1	-1	-1	-1	-1	-1	-1	-1	-1	-1	-1	-1	-1	-1	-1	-1	-1	-1	-1	-1	-1	-1	2049.97	1989.412	2005.058	-1	-1	1885.187	1839.384	1802.487	-1	1759.36	1663.247	1552.987	1516.142	1481.714	1427.098	1390.252	1344.838	1293.166	1224.506	1227.204	1255.828	1326.547
22	-1	1512.988	1376.629	1334.607	1314.331	1305.529	1303.431	1303.882	1358.79	1349.8	1348.534	1382.504	1456.341	1498.467	1418.522	1562.035	1539.914	1763.735	-1	1921.77	1877.549	1806.399	1942.232	1984.502	1972.372	-1	-1	-1	-1	-1	-1	-1	-1	-1	-1	-1	-1	-1	-1	-1	-1	-1	-1	-1	-1	-1	-1	-1	-1	-1	-1	-1	-1	1972.372	1984.502	1942.232	1806.399	1877.549	1921.77	-1	1763.735	1539.914	1562.035	1418.522	1498.467	1456.341	1382.504	1348.534	1349.8	1358.79	1303.882	1303.431	1305.529	1314.331	1334.607
23	-1	1559.706	1361.836	1315.934	1292.837	1282.65	1285.941	1289.097	1358.418	1396.152	1368.65	1436.902	1389.291	1468.44	1394.588	1520.758	1237.801	1334.093	1641.526	1482.094	1738.392	1668.972	1741.531	-1	-1	-1	2004.2	1961.743	2005.078	-1	-1	-1	-1	-1	-1	-1	-1	-1	-1	-1	-1	-1	-1	-1	-1	-1	-1	-1	-1	2005.078	1961.743	2004.2	-1	-1	-1	1741.531	1668.972	1738.392	1482.094	1641.526	1334.093	1237.801	1520.758	1394.588	1468.44	1389.291	1436.902	1368.65	1396.152	1358.418	1289.097	1285.941	1282.65	1292.837	1315.934
24	-1	1485.092	1357.068	1293.349	1252.077	1234.685	1236.251	1308.811	1352.722	1442.088	1377.651	1420.113	1415.157	1446.662	1262.145	1483.967	1238.662	1319.134	1455.519	1563.78	1810.562	1938.256	1808.559	1857.603	1962.887	1856.609	1864.518	1917.342	1778.133	1952.478	-1	-1	-1	-1	-1	-1	-1	-1	-1	-1	-1	-1	-1	-1	-1	-1	-1	-1	1952.478	1778.133	1917.342	1864.518	1856.609	1962.887	1857.603	1808.559	1938.256	1810.562	1563.78	1455.519	1319.134	1238.662	1483.967	1262.145	1446.662	1415.157	1420.113	1377.651	1442.088	1352.722	1308.811	1236.251	1234.685	1252.077	1293.349
25	-1	-1	1516.466	1363.734	1276.299	1254.596	1250.708	1328.952	1334.664	1334.87	1280.131	1381.398	1362.986	1320.269	1225.471	1189.784	1186.433	1152.271	1529.042	1659.198	-1	1868.824	-1	1936.566	-1	-1	1962.971	1845.729	1832.277	1991.487	-1	-1	-1	-1	-1	-1	-1	-1	-1	-1	-1	-1	-1	-1	-1	-1	-1	-1	1991.487	1832.277	1845.729	1962.971	-1	-1	1936.566	-1	1868.824	-1	1659.198	1529.042	1152.271	1186.433	1189.784	1225.471	1320.269	1362.986	1381.398	1280.131	1334.87	1334.664	1328.952	1250.708	1254.596	1276.299	1363.734
26	-1	-1	1634.671	1513.767	1359.098	1240.682	1203.018	1321.559	1300.135	1371.739	1339.881	1286.699	1292.096	1314.384	1203.692	1225.796	1306.308	1134.098	1405.658	1601.218	1638.656	1703.915	1740.068	1771.193	1795.523	1964.434	1916.187	1941.644	1846.771	-1	-1	-1	-1	-1	-1	-1	-1	2068.801	2048.49	2048.49	2068.801	-1	-1	-1	-1	-1	-1	-1	-1	1846.771	1941.644	1916.187	1964.434	1795.523	1771.193	1740.068	1703.915	1638.656	1601.218	1405.658	1134.098	1306.308	1225.796	1203.692	1314.384	1292.096	1286.699	1339.881	1371.739	1300.135	1321.559	1203.018	1240.682	1359.098	1513.767
27	-1	1564.446	1372.525	1305.005	1234.436	1195.237	1217.075	1256.759	1426.666	1347.991	1494.966	1381.043	1419.701	1297.271	1157.153	1076.592	1063.32	1212.297	1286.227	1560.187	1637.357	1674.133	1731.492	1714.157	1851.491	1778.735	1843.141	1813.177	1771.496	1850.415	-1	-1	-1	-1	-1	-1	-1	-1	-1	-1	-1	-1	-1	-1	-1	-1	-1	-1	1850.415	1771.496	1813.177	1843.141	1778.735	1851.491	1714.157	1731.492	1674.133	1637.357	1560.187	1286.227	1212.297	1063.32	1076.592	1157.153	1297.271	1419.701	1381.043	1494.966	1347.991	1426.666	1256.759	1217.075	1195.237	1234.436	1305.005
28	-1	-1	1726.457	1658.249	1545.414	1341.937	1191.501	1295.054	1405.367	1415.787	1403.357	1282.36	1270.696	1247.501	1143.137	1079.66	1097.156	1107.967	1178.426	1289.2	1506.364	1520.975	1780.664	1512.503	1788.705	1869.09	1875.525	1775.439	1743.957	1935.001	-1	2067.736	-1	-1	-1	-1	-1	-1	-1	-1	-1	-1	-1	-1	-1	-1	2067.736	-1	1935.001	1743.957	1775.439	1875.525	1869.09	1788.705	1512.503	1780.664	1520.975	1506.364	1289.2	1178.426	1107.967	1097.156	1079.66	1143.137	1247.501	1270.696	1282.36	1403.357	1415.787	1405.367	1295.054	1191.501	1341.937	1545.414	1658.249
29	-1	-1	1608.831	1536.874	1420.322	1295.553	1315.975	1368.425	1431.986	1459.021	1450.297	1435.228	1281.72	1258.814	1122.969	1091.119	1131.867	1117.075	1181.061	1338.171	1377.702	1583.012	1659.552	1576.24	1818.284	1787.731	1836.004	1655.096	1496.88	1785.485	1862.673	-1	2031.84	-1	-1	-1	-1	-1	-1	-1	-1	-1	-1	-1	-1	2031.84	-1	1862.673	1785.485	1496.88	1655.096	1836.004	1787.731	1818.284	1576.24	1659.552	1583.012	1377.702	1338.171	1181.061	1117.075	1131.867	1091.119	1122.969	1258.814	1281.72	1435.228	1450.297	1459.021	1431.986	1368.425	1315.975	1295.553	1420.322	1536.874
30	-1	-1	-1	-1	-1	-1	-1	1323.952	1330.085	1445.597	1301.053	1326.775	1311.243	1175.022	1174.697	1081.152	1152.07	1109.149	1172.692	1320.483	1434.159	1521.825	1386.269	1538.985	1482.535	1576.399	1543.091	1521.61	1663.915	1671.763	1743.143	-1	1984.06	-1	-1	-1	-1	-1	-1	-1	-1	-1	-1	-1	-1	1984.06	-1	1743.143	1671.763	1663.915	1521.61	1543.091	1576.399	1482.535	1538.985	1386.269	1521.825	1434.159	1320.483	1172.692	1109.149	1152.07	1081.152	1174.697	1175.022	1311.243	1326.775	1301.053	1445.597	1330.085	1323.952	-1	-1	-1	-1
31	-1	1574.722	1503.337	1506.248	1517.76	-1	-1	-1	1496.725	-1	1504.383	1324.184	1323.851	1425.566	1246.606	1380.864	1083.001	1023.791	1136.882	1134.55	1410.069	1601.517	1525.492	1554.395	1527.088	1600.826	1550.444	1654.229	1569.951	1798.728	1776.738	1937.15	1811.681	1799.128	1799.679	1827.616	1826.089	1792.804	1788.041	1788.041	1792.804	1826.089	1827.616	1799.679	1799.128	1811.681	1937.15	1776.738	1798.728	1569.951	1654.229	1550.444	1600.826	1527.088	1554.395	1525.492	1601.517	1410.069	1134.55	1136.882	1023.791	1083.001	1380.864	1246.606	1425.566	1323.851	1324.184	1504.383	-1	1496.725	-1	-1	-1	1517.76	1506.248
32	-1	-1	-1	-1	-1	-1	-1	1516.819	1624.285	1574.401	1447.609	1297.867	1296.747	1235.481	1277.884	1159.495	1201.005	1069.749	1231.886	1205.064	1322.654	1338.907	1359.489	1534.69	1552.786	1563.623	1517.509	1569.18	1669.705	1845.105	1547.646	1808.872	1702.258	1779.223	1782.762	1752.601	1763.281	1811.733	1827.107	1827.107	1811.733	1763.281	1752.601	1782.762	1779.223	1702.258	1808.872	1547.646	1845.105	1669.705	1569.18	1517.509	1563.623	1552.786	1534.69	1359.489	1338.907	1322.654	1205.064	1231.886	1069.749	1201.005	1159.495	1277.884	1235.481	1296.747	1297.867	1447.609	1574.401	1624.285	1516.819	-1	-1	-1	-1
33	-1	-1	-1	-1	1519.545	1478.644	1533.575	1533.68	1566.463	1580.414	1680.737	1682.214	1574.988	1515.276	1365.327	1228.404	1059.638	1051.777	1326.324	1252.565	1460.995	1505.689	1298.25	1288.035	1392.045	1474.751	1438.531	1483.767	1367.047	1626.802	1607.586	1702.065	1307.023	1317.366	1332.865	1383.612	1384.047	1336.003	1322.831	1322.831	1336.003	1384.047	1383.612	1332.865	1317.366	1307.023	1702.065	1607.586	1626.802	1367.047	1483.767	1438.531	1474.751	1392.045	1288.035	1298.25	1505.689	1460.995	1252.565	1326.324	1051.777	1059.638	1228.404	1365.327	1515.276	1574.988	1682.214	1680.737	1580.414	1566.463	1533.68	1533.575	1478.644	1519.545	-1
34	-1	-1	-1	-1	-1	-1	-1	-1	-1	-1	1332.579	1393.006	1007.961	992.395	798.831	845.809	1016.082	1121.13	1177.595	1569.409	1457.482	1335.541	1183.934	1458.382	1425.265	1464.282	1529.881	1640.39	1453.029	1607.073	1757.177	1763.66	1490.574	1470.033	1431.255	1412.048	1409.552	1424.339	1458.188	1458.188	1424.339	1409.552	1412.048	1431.255	1470.033	1490.574	1763.66	1757.177	1607.073	1453.029	1640.39	1529.881	1464.282	1425.265	1458.382	1183.934	1335.541	1457.482	1569.409	1177.595	1121.13	1016.082	845.809	798.831	992.395	1007.961	1393.006	1332.579	-1	-1	-1	-1	-1	-1	-1
35	-1	-1	-1	-1	-1	-1	1500.473	1412.767	1382.052	1389.18	1264.372	1244.1	1165.739	1460.994	1618.012	591.581	1428.7	-1	1431.645	1460.997	-1	1423.117	1352.316	1368.543	1313.592	1355.988	1274.7	1212.715	1336.541	1440.218	1360.088	-1	-1	-1	-1	-1	-1	-1	-1	-1	-1	-1	-1	-1	-1	-1	-1	1360.088	1440.218	1336.541	1212.715	1274.7	1355.988	1313.592	1368.543	1352.316	1423.117	-1	1460.997	1431.645	-1	1428.7	591.581	1618.012	1460.994	1165.739	1244.1	1264.372	1389.18	1382.052	1412.767	1500.473	-1	-1	-1
36	-1	-1	-1	-1	-1	-1	-1	-1	-1	-1	-1	1477.415	1424.595	1149.255	1260.755	-1	-1	-1	-1	-1	-1	1434.064	1432.894	1358.567	1207.509	1409.475	1289.648	1465.418	1483.113	1474.192	-1	-1	-1	-1	1754.032	1563.003	1561.299	1753.547	-1	-1	1753.547	1561.299	1563.003	1754.032	-1	-1	-1	-1	1474.192	1483.113	1465.418	1289.648	1409.475	1207.509	1358.567	1432.894	1434.064	-1	-1	-1	-1	-1	-1	1260.755	1149.255	1424.595	1477.415	-1	-1	-1	-1	-1	-1	-1	-1
37	-1	-1	-1	-1	-1	-1	-1	1523.695	-1	1542.089	1376.97	-1	1486.723	-1	-1	1519.566	-1	-1	1431.167	1236.997	1184.355	1042.379	1033.982	1292.819	1209.88	1355.897	1358.402	1501.011	1448.381	1474.888	1526.696	-1	1617.197	1632.652	1630.982	1612.289	1613.994	1638.023	1645.663	1645.663	1638.023	1613.994	1612.289	1630.982	1632.652	1617.197	-1	1526.696	1474.888	1448.381	1501.011	1358.402	1355.897	1209.88	1292.819	1033.982	1042.379	1184.355	1236.997	1431.167	-1	-1	1519.566	-1	-1	1486.723	-1	1376.97	1542.089	-1	1523.695	-1	-1	-1	-1
38	-1	-1	-1	-1	-1	-1	-1	-1	-1	1501.275	1476.228	1550.65	1370.482	1193.927	-1	-1	-1	-1	-1	-1	1414.423	1421.187	-1	-1	1467.851	1479.136	-1	1479.97	1396.255	1463.023	-1	-1	-1	-1	-1	-1	-1	-1	-1	-1	-1	-1	-1	-1	-1	-1	-1	-1	1463.023	1396.255	1479.97	-1	1479.136	1467.851	-1	-1	1421.187	1414.423	-1	-1	-1	-1	-1	-1	1193.927	1370.482	1550.65	1476.228	1501.275	-1	-1	-1	-1	-1	-1
39	-1	-1	-1	-1	-1	-1	-1	-1	-1	-1	-1	1585.628	1380.973	1340.772	757.68	-1	-1	586.896	1359.433	-1	-1	-1	-1	-1	-1	-1	1326.163	1170.053	1288.306	1335.003	-1	-1	-1	-1	-1	-1	-1	-1	-1	-1	-1	-1	-1	-1	-1	-1	-1	-1	1335.003	1288.306	1170.053	1326.163	-1	-1	-1	-1	-1	-1	-1	1359.433	586.896	-1	-1	757.68	1340.772	1380.973	1585.628	-1	-1	-1	-1	-1	-1	-1	-1
40	-1	-1	-1	-1	-1	-1	-1	-1	-1	-1	-1	-1	-1	1396.769	1334.154	610.625	766.885	-1	-1	-1	-1	1143.052	-1	-1	-1	1568.9	1556.252	1541.776	-1	1573.041	-1	-1	-1	-1	-1	-1	-1	-1	-1	-1	-1	-1	-1	-1	-1	-1	-1	-1	1573.041	-1	1541.776	1556.252	1568.9	-1	-1	-1	1143.052	-1	-1	-1	-1	766.885	610.625	1334.154	1396.769	-1	-1	-1	-1	-1	-1	-1	-1	-1	-1
41	-1	-1	-1	-1	-1	-1	-1	-1	-1	-1	-1	1005.984	-1	-1	-1	1374.42	888.437	-1	-1	-1	-1	-1	-1	-1	-1	-1	-1	-1	-1	-1	-1	-1	-1	-1	-1	-1	-1	-1	-1	-1	-1	-1	-1	-1	-1	-1	-1	-1	-1	-1	-1	-1	-1	-1	-1	-1	-1	-1	-1	-1	-1	888.437	1374.42	-1	-1	-1	1005.984	-1	-1	-1	-1	-1	-1	-1	-1
42	-1	-1	-1	-1	-1	-1	-1	-1	-1	1264.467	-1	1393.285	1157.964	-1	-1	-1	-1	-1	-1	1223.717	1351.987	-1	-1	1406.697	-1	-1	-1	-1	-1	-1	-1	-1	-1	-1	-1	-1	-1	-1	-1	-1	-1	-1	-1	-1	-1	-1	-1	-1	-1	-1	-1	-1	-1	-1	1406.697	-1	-1	1351.987	1223.717	-1	-1	-1	-1	-1	-1	1157.964	1393.285	-1	1264.467	-1	-1	-1	-1	-1	-1
43	-1	-1	-1	-1	-1	-1	-1	1366.653	1443.284	-1	-1	-1	-1	-1	-1	-1	-1	-1	-1	-1	-1	-1	-1	-1	-1	-1	-1	-1	-1	-1	-1	-1	-1	-1	-1	-1	-1	-1	-1	-1	-1	-1	-1	-1	-1	-1	-1	-1	-1	-1	-1	-1	-1	-1	-1	-1	-1	-1	-1	-1	-1	-1	-1	-1	-1	-1	-1	-1	-1	1443.284	1366.653	-1	-1	-1	-1
44	-1	-1	-1	-1	-1	-1	-1	-1	-1	-1	-1	-1	-1	-1	-1	-1	-1	1253.414	-1	-1	-1	-1	-1	-1	-1	-1	-1	-1	-1	-1	-1	-1	-1	-1	-1	-1	-1	-1	-1	-1	-1	-1	-1	-1	-1	-1	-1	-1	-1	-1	-1	-1	-1	-1	-1	-1	-1	-1	-1	-1	1253.414	-1	-1	-1	-1	-1	-1	-1	-1	-1	-1	-1	-1	-1	-1
45	-1	1515.965	1505.648	1517.179	-1	-1	-1	-1	-1	-1	-1	-1	-1	-1	-1	-1	-1	-1	-1	-1	-1	-1	-1	-1	-1	-1	-1	-1	-1	-1	-1	-1	-1	-1	-1	-1	-1	-1	-1	-1	-1	-1	-1	-1	-1	-1	-1	-1	-1	-1	-1	-1	-1	-1	-1	-1	-1	-1	-1	-1	-1	-1	-1	-1	-1	-1	-1	-1	-1	-1	-1	-1	-1	-1	1517.179
