lateral	-38.5	-37.5	-36.5	-35.5	-34.5	-33.5	-32.5	-31.5	-30.5	-29.5	-28.5	-27.5	-26.5	-25.5	-24.5	-23.5	-22.5	-21.5	-20.5	-19.5	-18.5	-17.5	-16.5	-15.5	-14.5	-13.5	-12.5	-11.5	-10.5	-9.5	-8.5	-7.5	-6.5	-5.5	-4.5	-3.5	-2.5	-1.5	-0.5	0.5	1.5	2.5	3.5	4.5	5.5	6.5	7.5	8.5	9.5	10.5	11.5	12.5	13.5	14.5	15.5	16.5	17.5	18.5	19.5	20.5	21.5	22.5	23.5	24.5	25.5	26.5	27.5	28.5	29.5	30.5	31.5	32.5	33.5	34.5	35.5
DFB	mm	mm	mm	mm	mm	mm	mm	mm	mm	mm	mm	mm	mm	mm	mm	mm	mm	mm	mm	mm	mm	mm	mm	mm	mm	mm	mm	mm	mm	mm	mm	mm	mm	mm	mm	mm	mm	mm	mm	mm	mm	mm	mm	mm	mm	mm	mm	mm	mm	mm	mm	mm	mm	mm	mm	mm	mm	mm	mm	mm	mm	mm	mm	mm	mm	mm	mm	mm	mm	mm	mm	mm	mm	mm	mm
mm																																																																											
-5	-1	-1	-1	-1	-1	-1	-1	-1	-1	-1	-1	-1	-1	-1	-1	-1	-1	-1	-1	-1	-1	-1	-1	-1	-1	-1	-1	-1	-1	-1	368.249	-1	-1	-1	-1	-1	-1	-1	-1	-1	-1	-1	-1	-1	-1	-1	-1	368.249	-1	-1	-1	-1	-1	-1	-1	-1	-1	-1	-1	-1	-1	-1	-1	-1	-1	-1	-1	-1	-1	-1	-1	-1	-1	-1	-1
-4	-1	-1	-1	-1	-1	-1	-1	-1	-1	-1	-1	-1	-1	-1	-1	-1	-1	-1	-1	-1	-1	-1	-1	-1	-1	-1	-1	69.866	-1	-1	-1	-1	-1	-1	-1	-1	-1	-1	-1	-1	-1	-1	-1	-1	-1	-1	-1	-1	-1	-1	69.866	-1	-1	-1	-1	-1	-1	-1	-1	-1	-1	-1	-1	-1	-1	-1	-1	-1	-1	-1	-1	-1	-1	-1	-1
-3	-1	-1	-1	-1	-1	-1	-1	-1	-1	-1	-1	-1	-1	-1	-1	-1	-1	-1	-1	-1	-1	-1	-1	-1	-1	-1	-1	-1	-1	-1	-1	-1	-1	-1	-1	-1	-1	-1	-1	-1	-1	-1	-1	-1	-1	-1	-1	-1	-1	-1	-1	-1	-1	-1	-1	-1	-1	-1	-1	-1	-1	-1	-1	-1	-1	-1	-1	-1	-1	-1	-1	-1	-1	-1	-1
-2	-1	-1	-1	-1	-1	-1	-1	-1	-1	-1	-1	-1	-1	91.303	83.258	61.166	58.782	-1	-1	-1	-1	-1	-1	-1	-1	-1	-1	-1	-1	-1	-1	-1	-1	-1	-1	-1	-1	-1	-1	-1	-1	-1	-1	-1	-1	-1	-1	-1	-1	-1	-1	-1	-1	-1	-1	-1	-1	-1	-1	-1	-1	58.782	61.166	83.258	91.303	-1	-1	-1	-1	-1	-1	-1	-1	-1	-1
-1	-1	-1	-1	-1	-1	-1	-1	-1	-1	-1	-1	-1	-1	-1	159.901	93.929	50.467	56.447	-1	-1	-1	-1	-1	-1	-1	-1	-1	-1	-1	-1	-1	-1	-1	-1	-1	-1	-1	-1	-1	-1	-1	-1	-1	-1	-1	-1	-1	-1	-1	-1	-1	-1	-1	-1	-1	-1	-1	-1	-1	-1	56.447	50.467	93.929	159.901	-1	-1	-1	-1	-1	-1	-1	-1	-1	-1	-1
0	-1	-1	-1	-1	-1	-1	-1	-1	-1	-1	-1	341.885	572.01	-1	-1	895.165	-1	-1	-1	145.436	-1	-1	-1	-1	-1	-1	-1	-1	-1	-1	-1	-1	-1	-1	-1	-1	-1	-1	-1	-1	-1	-1	-1	-1	-1	-1	-1	-1	-1	-1	-1	-1	-1	-1	-1	-1	-1	-1	145.436	-1	-1	-1	895.165	-1	-1	572.01	341.885	-1	-1	-1	-1	-1	-1	-1	-1
1	-1	-1	-1	-1	-1	-1	-1	-1	-1	-1	780.696	-1	-1	-1	-1	-1	-1	-1	-1	-1	-1	-1	-1	-1	-1	-1	-1	-1	-1	-1	-1	-1	-1	-1	-1	-1	-1	-1	-1	-1	-1	-1	-1	-1	-1	-1	-1	-1	-1	-1	-1	-1	-1	-1	-1	-1	-1	-1	-1	-1	-1	-1	-1	-1	-1	-1	-1	780.696	-1	-1	-1	-1	-1	-1	-1
2	-1	-1	-1	-1	-1	-1	-1	-1	-1	-1	-1	-1	-1	-1	-1	-1	-1	-1	-1	-1	-1	-1	-1	-1	-1	-1	-1	-1	-1	-1	-1	-1	-1	324.472	145.042	85.247	71.717	90.126	155.176	155.176	90.126	71.717	85.247	145.042	324.472	-1	-1	-1	-1	-1	-1	-1	-1	-1	-1	-1	-1	-1	-1	-1	-1	-1	-1	-1	-1	-1	-1	-1	-1	-1	-1	-1	-1	-1	-1
3	-1	319.864	-1	-1	-1	-1	-1	-1	-1	-1	-1	-1	-1	-1	-1	-1	-1	-1	-1	-1	-1	-1	-1	-1	-1	-1	-1	-1	-1	-1	-1	-1	243.336	117.2	52.613	-1	-1	-1	70.238	70.238	-1	-1	-1	52.613	117.2	243.336	-1	-1	-1	-1	-1	-1	-1	-1	-1	-1	-1	-1	-1	-1	-1	-1	-1	-1	-1	-1	-1	-1	-1	-1	-1	-1	-1	-1	-1
4	-1	-1	-1	-1	-1	-1	-1	-1	-1	-1	-1	-1	-1	-1	-1	-1	-1	-1	-1	-1	-1	-1	-1	408.559	220.23	268.503	232.352	318.594	357.32	452.472	305.085	227.888	113.134	81.781	62.819	50.641	48.663	55.56	66.344	66.344	55.56	48.663	50.641	62.819	81.781	113.134	227.888	305.085	452.472	357.32	318.594	232.352	268.503	220.23	408.559	-1	-1	-1	-1	-1	-1	-1	-1	-1	-1	-1	-1	-1	-1	-1	-1	-1	-1	-1	-1
5	-1	-1	-1	-1	-1	-1	-1	-1	-1	-1	-1	-1	-1	-1	-1	-1	-1	-1	-1	-1	429.777	129.011	43.847	43.293	49.38	80.041	113.136	143.969	152.496	177.057	135.082	174.87	144.101	158.948	164.111	170.588	172.552	169.976	168.737	168.737	169.976	172.552	170.588	164.111	158.948	144.101	174.87	135.082	177.057	152.496	143.969	113.136	80.041	49.38	43.293	43.847	129.011	429.777	-1	-1	-1	-1	-1	-1	-1	-1	-1	-1	-1	-1	-1	-1	-1	-1	-1
6	-1	-1	-1	-1	-1	-1	-1	-1	-1	-1	-1	-1	-1	-1	-1	-1	-1	-1	593.142	469.335	297.533	301.868	282.274	306.446	301.637	353.334	324.683	343.65	314.939	318.157	296.004	301.941	276.622	277.237	273.408	270.62	270.687	273.628	277.629	277.629	273.628	270.687	270.62	273.408	277.237	276.622	301.941	296.004	318.157	314.939	343.65	324.683	353.334	301.637	306.446	282.274	301.868	297.533	469.335	593.142	-1	-1	-1	-1	-1	-1	-1	-1	-1	-1	-1	-1	-1	-1	-1
7	-1	-1	-1	-1	-1	-1	-1	-1	-1	-1	-1	-1	-1	396.073	672.005	401.72	356.938	383.231	376.766	450.825	463.552	496.792	507.011	509.48	487.439	465.047	419.933	379.641	344.941	325.58	309.411	306.421	271.072	281.509	279.159	276.035	277.39	283.3	288.439	288.439	283.3	277.39	276.035	279.159	281.509	271.072	306.421	309.411	325.58	344.941	379.641	419.933	465.047	487.439	509.48	507.011	496.792	463.552	450.825	376.766	383.231	356.938	401.72	672.005	396.073	-1	-1	-1	-1	-1	-1	-1	-1	-1	-1
8	-1	-1	-1	-1	-1	-1	-1	-1	-1	-1	-1	-1	-1	-1	643.861	753.292	518.413	528.56	529.415	560.014	571.014	595.017	590.911	554.787	515.956	475.359	411.465	372.91	310.636	272.351	230.181	237.022	202.238	203.638	199.414	196.978	197.169	200.005	204.643	204.643	200.005	197.169	196.978	199.414	203.638	202.238	237.022	230.181	272.351	310.636	372.91	411.465	475.359	515.956	554.787	590.911	595.017	571.014	560.014	529.415	528.56	518.413	753.292	643.861	-1	-1	-1	-1	-1	-1	-1	-1	-1	-1	-1
9	-1	-1	-1	-1	-1	-1	-1	-1	-1	-1	-1	-1	-1	419.34	506.339	502.102	519.668	586.24	617.162	660.574	664.806	643.75	599.935	526.632	445.623	384.891	303.676	235.877	192.348	150.229	124.425	118.756	81.146	78.001	71.312	66.939	66.551	70.14	76.035	76.035	70.14	66.551	66.939	71.312	78.001	81.146	118.756	124.425	150.229	192.348	235.877	303.676	384.891	445.623	526.632	599.935	643.75	664.806	660.574	617.162	586.24	519.668	502.102	506.339	419.34	-1	-1	-1	-1	-1	-1	-1	-1	-1	-1
10	-1	-1	-1	-1	-1	-1	-1	-1	-1	-1	-1	561.057	462.161	530.285	499.054	572.177	613.363	659.243	665.522	663.977	628.538	553.947	477.355	388.695	294.453	215.21	147.558	89.628	53.703	-1	-1	-1	-1	-1	-1	-1	-1	-1	-1	-1	-1	-1	-1	-1	-1	-1	-1	-1	-1	53.703	89.628	147.558	215.21	294.453	388.695	477.355	553.947	628.538	663.977	665.522	659.243	613.363	572.177	499.054	530.285	462.161	561.057	-1	-1	-1	-1	-1	-1	-1	-1
11	-1	-1	-1	-1	-1	-1	-1	-1	-1	45.863	224.994	355.385	500.924	541.576	576.835	622.608	658.124	659.258	616.944	565.526	490.59	392.913	292.592	200.33	128.686	74.847	40.483	-1	-1	-1	-1	-1	-1	-1	-1	-1	-1	-1	-1	-1	-1	-1	-1	-1	-1	-1	-1	-1	-1	-1	-1	40.483	74.847	128.686	200.33	292.592	392.913	490.59	565.526	616.944	659.258	658.124	622.608	576.835	541.576	500.924	355.385	224.994	45.863	-1	-1	-1	-1	-1	-1
12	-1	-1	-1	-1	-1	-1	-1	-1	-1	-1	721.292	705.29	574.371	596.804	669.244	646.909	654.5	598.699	530.88	435.536	333.573	235.64	149.886	78.495	-1	-1	-1	-1	-1	-1	-1	-1	-1	-1	-1	-1	-1	-1	-1	-1	-1	-1	-1	-1	-1	-1	-1	-1	-1	-1	-1	-1	-1	-1	78.495	149.886	235.64	333.573	435.536	530.88	598.699	654.5	646.909	669.244	596.804	574.371	705.29	721.292	-1	-1	-1	-1	-1	-1	-1
13	-1	40.527	-1	-1	-1	-1	-1	-1	-1	802.013	448.831	544.938	532.573	578.462	651.167	622.861	610.067	512.654	411.587	311.694	211.455	126.1	73.385	-1	-1	-1	-1	-1	-1	-1	-1	-1	-1	-1	-1	-1	-1	-1	-1	-1	-1	-1	-1	-1	-1	-1	-1	-1	-1	-1	-1	-1	-1	-1	-1	73.385	126.1	211.455	311.694	411.587	512.654	610.067	622.861	651.167	578.462	532.573	544.938	448.831	802.013	-1	-1	-1	-1	-1	-1
14	-1	-1	-1	-1	-1	-1	-1	103.884	91.612	324.119	376.215	498.245	527.514	571.62	585.285	585.858	512	431.284	327.197	236.529	133.454	70.435	-1	-1	-1	-1	-1	-1	-1	-1	-1	-1	-1	-1	-1	-1	-1	-1	-1	-1	-1	-1	-1	-1	-1	-1	-1	-1	-1	-1	-1	-1	-1	-1	-1	-1	70.435	133.454	236.529	327.197	431.284	512	585.858	585.285	571.62	527.514	498.245	376.215	324.119	91.612	103.884	-1	-1	-1	-1
15	-1	-1	-1	-1	-1	-1	-1	-1	-1	894.436	562.379	511.447	564.834	546.614	557.278	500.571	454.971	353.472	259.024	156.533	85.411	-1	-1	-1	-1	-1	41.275	-1	45.149	-1	-1	-1	-1	-1	-1	-1	-1	-1	-1	-1	-1	-1	-1	-1	-1	-1	-1	-1	-1	45.149	-1	41.275	-1	-1	-1	-1	-1	85.411	156.533	259.024	353.472	454.971	500.571	557.278	546.614	564.834	511.447	562.379	894.436	-1	-1	-1	-1	-1	-1
16	-1	-1	-1	-1	-1	879.474	537.313	-1	436.052	464.616	532.009	554.707	529.051	558.765	514.57	471.6	377.711	269.629	169.688	90.141	52.942	-1	-1	-1	-1	-1	41.759	-1	-1	-1	-1	-1	-1	-1	-1	-1	-1	-1	-1	-1	-1	-1	-1	-1	-1	-1	-1	-1	-1	-1	-1	41.759	-1	-1	-1	-1	-1	52.942	90.141	169.688	269.629	377.711	471.6	514.57	558.765	529.051	554.707	532.009	464.616	436.052	-1	537.313	879.474	-1	-1
17	-1	-1	-1	71.333	680.163	-1	351.429	607.286	342.497	311.109	386.428	485.922	468.863	445.557	458.494	377.749	293.133	227.347	117.689	66.201	-1	-1	-1	-1	-1	-1	63.52	-1	-1	-1	-1	-1	-1	-1	-1	-1	-1	-1	-1	-1	-1	-1	-1	-1	-1	-1	-1	-1	-1	-1	-1	63.52	-1	-1	-1	-1	-1	-1	66.201	117.689	227.347	293.133	377.749	458.494	445.557	468.863	485.922	386.428	311.109	342.497	607.286	351.429	-1	680.163	71.333
18	-1	-1	-1	-1	-1	-1	54.129	477.271	473.299	488.574	584.373	515.101	464.066	474.419	398.791	350.099	252.101	147.196	74.184	-1	-1	-1	-1	-1	-1	50.078	-1	-1	-1	-1	-1	-1	-1	-1	-1	-1	-1	-1	-1	-1	-1	-1	-1	-1	-1	-1	-1	-1	-1	-1	-1	-1	50.078	-1	-1	-1	-1	-1	-1	74.184	147.196	252.101	350.099	398.791	474.419	464.066	515.101	584.373	488.574	473.299	477.271	54.129	-1	-1	-1
19	-1	-1	-1	-1	79.649	874.105	848.206	560.348	463.694	405.045	459.262	395.881	460.721	384.877	371.564	270.381	216.675	143.375	71.815	-1	-1	-1	-1	-1	-1	45.021	-1	-1	-1	-1	-1	-1	-1	-1	-1	-1	-1	-1	-1	-1	-1	-1	-1	-1	-1	-1	-1	-1	-1	-1	-1	-1	45.021	-1	-1	-1	-1	-1	-1	71.815	143.375	216.675	270.381	371.564	384.877	460.721	395.881	459.262	405.045	463.694	560.348	848.206	874.105	79.649	-1
20	-1	-1	-1	-1	-1	186.191	255.374	193.007	232.345	407.391	368.781	429.641	423.842	372.53	323.373	238.574	171.181	98.564	-1	-1	-1	-1	-1	-1	40.605	-1	65.918	-1	-1	-1	-1	-1	-1	-1	-1	-1	-1	-1	-1	-1	-1	-1	-1	-1	-1	-1	-1	-1	-1	-1	-1	65.918	-1	40.605	-1	-1	-1	-1	-1	-1	98.564	171.181	238.574	323.373	372.53	423.842	429.641	368.781	407.391	232.345	193.007	255.374	186.191	-1	-1
21	-1	-1	-1	-1	-1	201.077	234.795	390.094	394.314	333.142	392.423	360.298	313.654	270.872	201.914	179.892	139.557	89.997	-1	-1	-1	-1	43.879	-1	63.595	67.744	60.676	-1	-1	-1	-1	-1	-1	-1	-1	-1	-1	-1	-1	-1	-1	-1	-1	-1	-1	-1	-1	-1	-1	-1	-1	60.676	67.744	63.595	-1	43.879	-1	-1	-1	-1	89.997	139.557	179.892	201.914	270.872	313.654	360.298	392.423	333.142	394.314	390.094	234.795	201.077	-1	-1
22	-1	-1	-1	-1	-1	138.543	654.951	298.257	331.254	311.654	306.486	323.974	266.414	227.076	213.563	132.581	82.639	86.203	-1	-1	-1	57.034	66.582	121.764	86.428	99.202	97.896	66.609	50.726	-1	-1	-1	-1	-1	-1	-1	-1	-1	-1	-1	-1	-1	-1	-1	-1	-1	-1	-1	-1	50.726	66.609	97.896	99.202	86.428	121.764	66.582	57.034	-1	-1	-1	86.203	82.639	132.581	213.563	227.076	266.414	323.974	306.486	311.654	331.254	298.257	654.951	138.543	-1	-1
23	-1	-1	-1	-1	-1	74.221	109.557	124.278	192.865	238.024	292.455	229.797	215.171	199.254	210.004	130.782	107.935	66.469	57.636	-1	50.725	56.785	78.34	72.345	80.014	97.874	109.845	54.553	58.86	-1	-1	-1	-1	-1	-1	-1	-1	-1	-1	-1	-1	-1	-1	-1	-1	-1	-1	-1	-1	58.86	54.553	109.845	97.874	80.014	72.345	78.34	56.785	50.725	-1	57.636	66.469	107.935	130.782	210.004	199.254	215.171	229.797	292.455	238.024	192.865	124.278	109.557	74.221	-1	-1
24	-1	-1	-1	-1	66.656	48.061	54.488	91.365	153.833	140.52	238.952	222.418	207.584	169.738	284.462	217.923	102.722	115.976	56.18	52.711	47.466	47.613	57.734	54.078	65.168	64.57	93.289	65.731	-1	-1	-1	-1	-1	-1	-1	-1	-1	-1	-1	-1	-1	-1	-1	-1	-1	-1	-1	-1	-1	-1	65.731	93.289	64.57	65.168	54.078	57.734	47.613	47.466	52.711	56.18	115.976	102.722	217.923	284.462	169.738	207.584	222.418	238.952	140.52	153.833	91.365	54.488	48.061	66.656	-1
25	-1	-1	-1	-1	57.133	429.216	470.725	101.015	240.919	148.531	177.834	149.485	89.25	47.18	54.512	51.635	109.503	97.978	58.111	51.464	43.318	78.266	132.013	133.469	82.841	95.068	113.061	78.251	57.483	-1	-1	-1	-1	-1	-1	-1	-1	-1	-1	-1	-1	-1	-1	-1	-1	-1	-1	-1	-1	57.483	78.251	113.061	95.068	82.841	133.469	132.013	78.266	43.318	51.464	58.111	97.978	109.503	51.635	54.512	47.18	89.25	149.485	177.834	148.531	240.919	101.015	470.725	429.216	57.133	-1
26	-1	-1	-1	-1	-1	40.272	92.028	562.231	192.687	165.912	244.936	216.418	179.183	142.09	114.577	119.942	118.685	72.936	105.963	47.568	59.144	69.118	97.881	81.105	80.171	89.173	66.223	46.126	-1	-1	-1	48.769	-1	45.652	48.837	50.343	51.528	52.305	51.307	51.307	52.305	51.528	50.343	48.837	45.652	-1	48.769	-1	-1	-1	46.126	66.223	89.173	80.171	81.105	97.881	69.118	59.144	47.568	105.963	72.936	118.685	119.942	114.577	142.09	179.183	216.418	244.936	165.912	192.687	562.231	92.028	40.272	-1	-1
27	-1	-1	-1	-1	-1	-1	-1	-1	-1	510.92	421.658	144.713	104.677	157.067	74.702	129.239	104.834	67.652	74.943	-1	61.206	87.438	99.894	73.777	112.785	111.018	162.74	63.29	67.734	-1	-1	-1	-1	-1	-1	-1	-1	-1	-1	-1	-1	-1	-1	-1	-1	-1	-1	-1	-1	67.734	63.29	162.74	111.018	112.785	73.777	99.894	87.438	61.206	-1	74.943	67.652	104.834	129.239	74.702	157.067	104.677	144.713	421.658	510.92	-1	-1	-1	-1	-1	-1
28	-1	-1	-1	-1	-1	-1	-1	392.555	482.968	372.609	168.567	183.905	90.262	44.118	59.282	56.299	102.414	337.896	79.911	158.697	81.5	82.89	176.673	173.7	162.898	130.437	127.054	90.539	84.318	41.65	-1	-1	-1	-1	-1	-1	-1	-1	-1	-1	-1	-1	-1	-1	-1	-1	-1	-1	41.65	84.318	90.539	127.054	130.437	162.898	173.7	176.673	82.89	81.5	158.697	79.911	337.896	102.414	56.299	59.282	44.118	90.262	183.905	168.567	372.609	482.968	392.555	-1	-1	-1	-1
29	-1	-1	-1	-1	-1	-1	-1	-1	-1	-1	248.155	327.452	49.777	132.477	116.074	152.726	257.991	242.713	91.28	-1	-1	61.87	75.677	126.188	124.727	205.509	116.59	86.053	104.302	66.4	48.332	-1	41.664	52.289	62.734	75.823	77.215	66.858	59.066	59.066	66.858	77.215	75.823	62.734	52.289	41.664	-1	48.332	66.4	104.302	86.053	116.59	205.509	124.727	126.188	75.677	61.87	-1	-1	91.28	242.713	257.991	152.726	116.074	132.477	49.777	327.452	248.155	-1	-1	-1	-1	-1	-1	-1
30	-1	-1	-1	-1	-1	-1	-1	-1	-1	101.399	-1	115.771	197.576	167.252	149.634	129.442	-1	57.505	-1	-1	103.433	131.26	115.824	176.568	245.576	128.351	99.695	75.378	77.207	58.251	50.988	61.119	86.397	104.687	105.391	93.522	95.678	112.941	117.928	117.928	112.941	95.678	93.522	105.391	104.687	86.397	61.119	50.988	58.251	77.207	75.378	99.695	128.351	245.576	176.568	115.824	131.26	103.433	-1	-1	57.505	-1	129.442	149.634	167.252	197.576	115.771	-1	101.399	-1	-1	-1	-1	-1	-1
31	-1	-1	-1	-1	-1	-1	-1	-1	-1	-1	-1	-1	-1	-1	-1	590.938	94.199	85.604	74.527	56.549	74.518	81.037	76.579	75.831	102.662	271.763	176.477	160.853	87.26	58.363	44.575	-1	41.546	-1	-1	-1	-1	-1	-1	-1	-1	-1	-1	-1	-1	41.546	-1	44.575	58.363	87.26	160.853	176.477	271.763	102.662	75.831	76.579	81.037	74.518	56.549	74.527	85.604	94.199	590.938	-1	-1	-1	-1	-1	-1	-1	-1	-1	-1	-1	-1
32	-1	-1	-1	-1	-1	-1	-1	-1	-1	-1	-1	-1	-1	-1	212.55	-1	64.974	87.465	-1	46.041	41.261	87.307	112.868	110.801	194.82	152.856	165.759	58.934	108.91	49.131	64.375	113.814	55.585	82.029	89.904	88.925	92.311	100.394	99.791	99.791	100.394	92.311	88.925	89.904	82.029	55.585	113.814	64.375	49.131	108.91	58.934	165.759	152.856	194.82	110.801	112.868	87.307	41.261	46.041	-1	87.465	64.974	-1	212.55	-1	-1	-1	-1	-1	-1	-1	-1	-1	-1	-1
33	-1	-1	-1	-1	-1	-1	-1	-1	-1	-1	-1	492.155	87.67	193.694	240.73	67.025	92.124	99.599	93.218	116.49	-1	-1	83.532	52.314	47.625	72.704	164.882	137.475	148.674	126.803	160.773	125.882	93.809	114.197	114.031	107.919	110.416	121.6	126.895	126.895	121.6	110.416	107.919	114.031	114.197	93.809	125.882	160.773	126.803	148.674	137.475	164.882	72.704	47.625	52.314	83.532	-1	-1	116.49	93.218	99.599	92.124	67.025	240.73	193.694	87.67	492.155	-1	-1	-1	-1	-1	-1	-1	-1
34	-1	-1	-1	-1	-1	-1	-1	-1	-1	-1	-1	-1	114.778	274.996	-1	-1	-1	161.677	122.569	-1	41.514	59.894	73.573	50.011	80.756	179.563	221.472	249.544	199.852	235.87	499.647	102.568	201.628	158.326	137.895	105.095	102.608	128.025	139.166	139.166	128.025	102.608	105.095	137.895	158.326	201.628	102.568	499.647	235.87	199.852	249.544	221.472	179.563	80.756	50.011	73.573	59.894	41.514	-1	122.569	161.677	-1	-1	-1	274.996	114.778	-1	-1	-1	-1	-1	-1	-1	-1	-1
35	-1	-1	-1	-1	-1	-1	-1	-1	-1	-1	-1	-1	-1	-1	54.598	82.49	-1	-1	-1	-1	-1	60.944	52.384	56.041	127.325	179.225	232.119	277.232	131.969	187.931	139.191	90.704	76.437	98.604	101.742	101.45	104.246	110.058	112.546	112.546	110.058	104.246	101.45	101.742	98.604	76.437	90.704	139.191	187.931	131.969	277.232	232.119	179.225	127.325	56.041	52.384	60.944	-1	-1	-1	-1	-1	82.49	54.598	-1	-1	-1	-1	-1	-1	-1	-1	-1	-1	-1
36	-1	-1	-1	-1	-1	-1	-1	-1	-1	-1	-1	-1	-1	-1	-1	76.817	110.723	-1	42.982	-1	-1	-1	-1	52.41	69.859	41.951	62.306	116.259	80.057	-1	93.68	101.18	72.766	99.964	110.3	115.754	119.215	120.589	117.069	117.069	120.589	119.215	115.754	110.3	99.964	72.766	101.18	93.68	-1	80.057	116.259	62.306	41.951	69.859	52.41	-1	-1	-1	-1	42.982	-1	110.723	76.817	-1	-1	-1	-1	-1	-1	-1	-1	-1	-1	-1	-1
37	-1	-1	-1	-1	-1	-1	414.002	-1	-1	-1	-1	-1	-1	-1	69.581	-1	46.23	118.557	-1	-1	-1	-1	-1	-1	-1	92.705	80.802	85.708	135.023	106.091	160.583	44.98	100.158	74.69	70.528	65.555	62.355	61.404	59.44	59.44	61.404	62.355	65.555	70.528	74.69	100.158	44.98	160.583	106.091	135.023	85.708	80.802	92.705	-1	-1	-1	-1	-1	-1	-1	118.557	46.23	-1	69.581	-1	-1	-1	-1	-1	-1	-1	414.002	-1	-1	-1
38	-1	-1	-1	-1	-1	-1	-1	-1	-1	-1	-1	-1	-1	-1	-1	-1	-1	-1	48.634	-1	-1	-1	-1	-1	-1	-1	62.241	136.479	164.638	74.52	265.537	246.066	134.348	122.375	119.245	129.071	128.607	118.195	118.864	118.864	118.195	128.607	129.071	119.245	122.375	134.348	246.066	265.537	74.52	164.638	136.479	62.241	-1	-1	-1	-1	-1	-1	-1	48.634	-1	-1	-1	-1	-1	-1	-1	-1	-1	-1	-1	-1	-1	-1	-1
39	-1	-1	-1	-1	-1	-1	-1	-1	-1	-1	-1	-1	-1	-1	-1	-1	45.848	-1	-1	-1	-1	-1	-1	-1	77.797	90.869	150.798	52.707	112.065	56.924	93.132	105.919	62.38	75.14	83.695	78.978	80.803	88.941	83.676	83.676	88.941	80.803	78.978	83.695	75.14	62.38	105.919	93.132	56.924	112.065	52.707	150.798	90.869	77.797	-1	-1	-1	-1	-1	-1	-1	45.848	-1	-1	-1	-1	-1	-1	-1	-1	-1	-1	-1	-1	-1
40	-1	-1	-1	-1	-1	-1	-1	-1	-1	-1	-1	-1	-1	-1	181.125	-1	-1	-1	-1	-1	-1	-1	-1	-1	-1	64.271	-1	-1	-1	46.424	-1	-1	-1	77.434	84.377	75.325	80.149	99.198	102.28	102.28	99.198	80.149	75.325	84.377	77.434	-1	-1	-1	46.424	-1	-1	-1	64.271	-1	-1	-1	-1	-1	-1	-1	-1	-1	-1	181.125	-1	-1	-1	-1	-1	-1	-1	-1	-1	-1	-1
41	-1	-1	-1	-1	-1	-1	-1	-1	-1	-1	-1	-1	-1	-1	-1	-1	-1	-1	-1	-1	-1	-1	-1	-1	-1	47.601	54.156	58.723	62.464	59.133	92.609	70.486	73.983	85.8	77.912	57.123	58.765	82.706	93.464	93.464	82.706	58.765	57.123	77.912	85.8	73.983	70.486	92.609	59.133	62.464	58.723	54.156	47.601	-1	-1	-1	-1	-1	-1	-1	-1	-1	-1	-1	-1	-1	-1	-1	-1	-1	-1	-1	-1	-1	-1
42	-1	-1	-1	-1	-1	-1	-1	-1	-1	-1	-1	-1	-1	-1	-1	-1	-1	-1	-1	-1	-1	-1	-1	-1	-1	-1	44.859	-1	-1	-1	-1	101.686	-1	56.86	55.146	58.353	60.984	63.031	70.282	70.282	63.031	60.984	58.353	55.146	56.86	-1	101.686	-1	-1	-1	-1	44.859	-1	-1	-1	-1	-1	-1	-1	-1	-1	-1	-1	-1	-1	-1	-1	-1	-1	-1	-1	-1	-1	-1	-1
43	-1	-1	-1	-1	-1	-1	-1	-1	-1	-1	-1	-1	-1	-1	-1	-1	-1	324.744	-1	-1	-1	-1	-1	-1	-1	-1	-1	-1	45.817	-1	-1	-1	-1	-1	-1	-1	-1	-1	-1	-1	-1	-1	-1	-1	-1	-1	-1	-1	-1	45.817	-1	-1	-1	-1	-1	-1	-1	-1	-1	-1	324.744	-1	-1	-1	-1	-1	-1	-1	-1	-1	-1	-1	-1	-1	-1
44	-1	-1	-1	-1	-1	-1	-1	-1	-1	-1	-1	-1	-1	-1	-1	-1	-1	-1	-1	-1	-1	-1	-1	-1	-1	-1	-1	-1	-1	-1	-1	256.511	-1	-1	-1	-1	-1	-1	-1	-1	-1	-1	-1	-1	-1	-1	256.511	-1	-1	-1	-1	-1	-1	-1	-1	-1	-1	-1	-1	-1	-1	-1	-1	-1	-1	-1	-1	-1	-1	-1	-1	-1	-1	-1	-1
45	-1	-1	-1	-1	-1	-1	-1	-1	-1	-1	-1	-1	-1	-1	-1	-1	-1	-1	-1	-1	-1	-1	-1	-1	-1	-1	-1	-1	-1	-1	-1	-1	-1	-1	-1	-1	-1	-1	-1	-1	-1	-1	-1	-1	-1	-1	-1	-1	-1	-1	-1	-1	-1	-1	-1	-1	-1	-1	-1	-1	-1	-1	-1	-1	-1	-1	-1	-1	-1	-1	-1	-1	-1	-1	-1
