lateral	-38.5	-37.5	-36.5	-35.5	-34.5	-33.5	-32.5	-31.5	-30.5	-29.5	-28.5	-27.5	-26.5	-25.5	-24.5	-23.5	-22.5	-21.5	-20.5	-19.5	-18.5	-17.5	-16.5	-15.5	-14.5	-13.5	-12.5	-11.5	-10.5	-9.5	-8.5	-7.5	-6.5	-5.5	-4.5	-3.5	-2.5	-1.5	-0.5	0.5	1.5	2.5	3.5	4.5	5.5	6.5	7.5	8.5	9.5	10.5	11.5	12.5	13.5	14.5	15.5	16.5	17.5	18.5	19.5	20.5	21.5	22.5	23.5	24.5	25.5	26.5	27.5	28.5	29.5	30.5	31.5	32.5	33.5	34.5	35.5
DFB	mm	mm	mm	mm	mm	mm	mm	mm	mm	mm	mm	mm	mm	mm	mm	mm	mm	mm	mm	mm	mm	mm	mm	mm	mm	mm	mm	mm	mm	mm	mm	mm	mm	mm	mm	mm	mm	mm	mm	mm	mm	mm	mm	mm	mm	mm	mm	mm	mm	mm	mm	mm	mm	mm	mm	mm	mm	mm	mm	mm	mm	mm	mm	mm	mm	mm	mm	mm	mm	mm	mm	mm	mm	mm	mm
mm																																																																											
-5	-1	-1	-1	-1	-1	-1	-1	-1	-1	-1	-1	-1	-1	-1	-1	-1	-1	-1	-1	-1	-1	-1	-1	-1	-1	-1	-1	-1	-1	-1	-1	-1	-1	-1	74.211	-1	-1	76.637	-1	-1	76.637	-1	-1	74.211	-1	-1	-1	-1	-1	-1	-1	-1	-1	-1	-1	-1	-1	-1	-1	-1	-1	-1	-1	-1	-1	-1	-1	-1	-1	-1	-1	-1	-1	-1	-1
-4	19.6	-1	-1	-1	-1	-1	-1	-1	-1	-1	-1	-1	-1	-1	15.9	-1	-1	-1	-1	-1	-1	-1	-1	-1	-1	-1	-1	-1	-1	-1	-1	-1	-1	-1	-1	-1	-1	-1	-1	-1	-1	-1	-1	-1	-1	-1	-1	-1	-1	-1	-1	-1	-1	-1	-1	-1	-1	-1	-1	-1	-1	-1	-1	15.9	-1	-1	-1	-1	-1	-1	-1	-1	-1	-1	-1
-3	14.032	-1	-1	-1	-1	-1	-1	-1	-1	26.903	52.353	60.971	-1	-1	13.59	-1	-1	-1	-1	-1	-1	-1	-1	-1	-1	-1	-1	-1	-1	-1	-1	-1	-1	-1	-1	-1	-1	-1	-1	-1	-1	-1	-1	-1	-1	-1	-1	-1	-1	-1	-1	-1	-1	-1	-1	-1	-1	-1	-1	-1	-1	-1	-1	13.59	-1	-1	60.971	52.353	26.903	-1	-1	-1	-1	-1	-1
-2	52.557	-1	-1	-1	-1	-1	-1	-1	-1	-1	14.815	18.765	19.33	323.153	727.411	20.209	-1	19.159	-1	-1	-1	-1	-1	-1	-1	-1	-1	-1	-1	-1	-1	-1	-1	-1	-1	-1	-1	-1	-1	-1	-1	-1	-1	-1	-1	-1	-1	-1	-1	-1	-1	-1	-1	-1	-1	-1	-1	-1	-1	-1	19.159	-1	20.209	727.411	323.153	19.33	18.765	14.815	-1	-1	-1	-1	-1	-1	-1
-1	-1	15.629	12.327	-1	-1	-1	-1	-1	-1	46.443	-1	94.069	151.276	242.515	704.373	242.748	56.681	37.122	51.641	-1	-1	-1	-1	-1	-1	-1	-1	-1	-1	-1	-1	-1	-1	-1	-1	-1	-1	-1	-1	-1	-1	-1	-1	-1	-1	-1	-1	-1	-1	-1	-1	-1	-1	-1	-1	-1	-1	-1	-1	51.641	37.122	56.681	242.748	704.373	242.515	151.276	94.069	-1	46.443	-1	-1	-1	-1	-1	-1
0	708.966	25.216	22.397	-1	-1	-1	-1	12.102	-1	-1	-1	-1	72.785	255.933	340.413	372.987	438.117	169.209	49.608	-1	-1	-1	-1	-1	-1	-1	-1	-1	-1	-1	-1	-1	-1	-1	-1	-1	-1	-1	-1	-1	-1	-1	-1	-1	-1	-1	-1	-1	-1	-1	-1	-1	-1	-1	-1	-1	-1	-1	-1	49.608	169.209	438.117	372.987	340.413	255.933	72.785	-1	-1	-1	-1	12.102	-1	-1	-1	-1
1	433.765	-1	342.39	27.446	-1	-1	-1	-1	-1	-1	-1	77.048	32.859	121.662	2997.888	224.889	345.66	273.789	171.551	135.222	38.82	-1	-1	-1	-1	-1	-1	-1	-1	-1	-1	-1	-1	-1	-1	-1	-1	-1	-1	-1	-1	-1	-1	-1	-1	-1	-1	-1	-1	-1	-1	-1	-1	-1	-1	-1	-1	38.82	135.222	171.551	273.789	345.66	224.889	2997.888	121.662	32.859	77.048	-1	-1	-1	-1	-1	-1	-1	27.446
2	-1	325.627	224.713	141.208	108.412	83.707	64.445	209.168	81.402	27.136	-1	-1	79.542	388.698	893.337	1638.318	2579.398	5224.413	11699.649	-1	10504.435	1130.107	1440.134	-1	31.881	-1	-1	19.607	-1	-1	22.583	-1	23.013	-1	-1	-1	-1	-1	-1	-1	-1	-1	-1	-1	-1	23.013	-1	22.583	-1	-1	19.607	-1	-1	31.881	-1	1440.134	1130.107	10504.435	-1	11699.649	5224.413	2579.398	1638.318	893.337	388.698	79.542	-1	-1	27.136	81.402	209.168	64.445	83.707	108.412	141.208
3	894.438	6282.914	2096.742	968.199	697.975	312.734	155.413	58.131	58.071	82.486	21.918	51.44	423.474	3016.97	4364.403	5729.069	6349.352	7258.114	7331.228	5704.022	4480.6	1587.33	781.857	462.086	112.381	61.221	45.869	45.091	42.9	55.707	48.281	33.431	34.592	15.306	-1	-1	-1	-1	-1	-1	-1	-1	-1	-1	15.306	34.592	33.431	48.281	55.707	42.9	45.091	45.869	61.221	112.381	462.086	781.857	1587.33	4480.6	5704.022	7331.228	7258.114	6349.352	5729.069	4364.403	3016.97	423.474	51.44	21.918	82.486	58.071	58.131	155.413	312.734	697.975	968.199
4	4080.182	219.145	336.052	323.188	541.1	1116.584	2093.88	7783.358	12320.629	1686.884	441.82	570.436	947.206	2103.691	4938.683	4589.671	5782.684	5611.273	6650.898	6493.775	4956.301	2429.661	1472.204	698.722	199.235	74.357	56.156	49.414	38.395	129.245	107.541	164.332	198.953	200.625	189.91	164.388	164.818	190.863	201.794	201.794	190.863	164.818	164.388	189.91	200.625	198.953	164.332	107.541	129.245	38.395	49.414	56.156	74.357	199.235	698.722	1472.204	2429.661	4956.301	6493.775	6650.898	5611.273	5782.684	4589.671	4938.683	2103.691	947.206	570.436	441.82	1686.884	12320.629	7783.358	2093.88	1116.584	541.1	323.188
5	-1	3250.114	4117.614	2747.529	2503.52	2026.935	1469.109	1024.965	1046.114	614.69	531.102	555.934	800.282	2012.325	4751.522	4245.189	4669.326	4751.888	2906.581	2984.421	1942.805	1234.011	639.926	444.846	108.472	187.161	149.989	192.917	195.485	274.195	264.253	347.051	307.347	325.945	338.17	353.94	356.439	345.512	337.817	337.817	345.512	356.439	353.94	338.17	325.945	307.347	347.051	264.253	274.195	195.485	192.917	149.989	187.161	108.472	444.846	639.926	1234.011	1942.805	2984.421	2906.581	4751.888	4669.326	4245.189	4751.522	2012.325	800.282	555.934	531.102	614.69	1046.114	1024.965	1469.109	2026.935	2503.52	2747.529
6	4894.779	4656.743	3766.463	2846.751	2040.689	1552.397	1336.823	1947.933	2238.991	2084.473	1428.368	1661.551	1359.921	2419.297	2550.128	1835.609	1946.246	1836.378	1525.655	1675.159	1109.358	1101.973	527.875	487.096	315.006	380.618	368.839	442.461	484.999	547.381	577.692	687.238	668.362	690.172	701.192	708.167	711.101	709.8	704.123	704.123	709.8	711.101	708.167	701.192	690.172	668.362	687.238	577.692	547.381	484.999	442.461	368.839	380.618	315.006	487.096	527.875	1101.973	1109.358	1675.159	1525.655	1836.378	1946.246	1835.609	2550.128	2419.297	1359.921	1661.551	1428.368	2084.473	2238.991	1947.933	1336.823	1552.397	2040.689	2846.751
7	14243.134	2383.039	2919.929	2545.427	2789.881	3059.599	3345.451	2996.676	4331.643	4706.379	2341.867	1807.695	1916.524	2043.398	2116.261	1934.187	1901.517	1575.902	1400.959	1523.906	1230.595	1163.357	883.223	855.326	787.344	777.011	773.07	813.88	836.328	898.735	903.235	978.429	933.958	962.538	972.706	982.507	986.073	983.415	980.399	980.399	983.415	986.073	982.507	972.706	962.538	933.958	978.429	903.235	898.735	836.328	813.88	773.07	777.011	787.344	855.326	883.223	1163.357	1230.595	1523.906	1400.959	1575.902	1901.517	1934.187	2116.261	2043.398	1916.524	1807.695	2341.867	4706.379	4331.643	2996.676	3345.451	3059.599	2789.881	2545.427
8	15434.9	3357.872	4274.866	3755.517	3876.548	3972.107	4004.856	4093.521	3141.137	2993.595	2999.56	2991.474	2645.06	2843.479	2894.804	2712.305	2480.033	2304.481	2061.446	1955.472	1582.573	1349.586	1198.315	1186.468	1134.203	1182.05	1182.556	1223	1230.553	1222.493	1189.873	1163.689	1066.068	1021.444	979.283	941.043	935.747	963.127	994.011	994.011	963.127	935.747	941.043	979.283	1021.444	1066.068	1163.689	1189.873	1222.493	1230.553	1223	1182.556	1182.05	1134.203	1186.468	1198.315	1349.586	1582.573	1955.472	2061.446	2304.481	2480.033	2712.305	2894.804	2843.479	2645.06	2991.474	2999.56	2993.595	3141.137	4093.521	4004.856	3972.107	3876.548	3755.517
9	15345.266	5511.217	6180.172	5113.757	4670.862	4176.505	3844.653	3599.8	3844.562	3788.877	3318.596	3078.103	2810.151	3358.314	3299.484	3173.13	2936.259	2712.746	2407.981	2170.193	1919.58	1763.293	1672.798	1641.972	1618.043	1582.046	1529.872	1463.384	1335.533	1224.708	1091.457	951.933	822.598	749.291	686.119	633.943	625.065	659.247	703.982	703.982	659.247	625.065	633.943	686.119	749.291	822.598	951.933	1091.457	1224.708	1335.533	1463.384	1529.872	1582.046	1618.043	1641.972	1672.798	1763.293	1919.58	2170.193	2407.981	2712.746	2936.259	3173.13	3299.484	3358.314	2810.151	3078.103	3318.596	3788.877	3844.562	3599.8	3844.653	4176.505	4670.862	5113.757
10	16955.259	5322.125	6337.66	5611.573	5320.746	4893.988	4490.471	3933.632	3930.687	4362.991	3496.593	3435.364	3432.547	3773.806	3570.08	3558.831	3131.355	2782.828	2495.242	2310.167	2144.421	2056.192	1938.78	1873.246	1780.369	1663.713	1500.501	1320.899	1132.58	928.051	752.779	588.938	420.78	355.692	289.72	235.433	227.799	266.199	315.531	315.531	266.199	227.799	235.433	289.72	355.692	420.78	588.938	752.779	928.051	1132.58	1320.899	1500.501	1663.713	1780.369	1873.246	1938.78	2056.192	2144.421	2310.167	2495.242	2782.828	3131.355	3558.831	3570.08	3773.806	3432.547	3435.364	3496.593	4362.991	3930.687	3933.632	4490.471	4893.988	5320.746	5611.573
11	17382.998	6079.048	6876.184	5907.05	5535.337	5124.925	4739.809	4540.206	4674.708	4771.375	4085.373	4030.313	4144.91	4102.676	3898.433	3534.782	3062.225	2855.31	2587.182	2371.449	2216.508	2117.586	1960.726	1837.653	1656.08	1418.933	1166.842	925.356	686.033	485.365	312.991	172.838	82.921	44.752	22.222	20.653	16.934	12.696	25.198	25.198	12.696	16.934	20.653	22.222	44.752	82.921	172.838	312.991	485.365	686.033	925.356	1166.842	1418.933	1656.08	1837.653	1960.726	2117.586	2216.508	2371.449	2587.182	2855.31	3062.225	3534.782	3898.433	4102.676	4144.91	4030.313	4085.373	4771.375	4674.708	4540.206	4739.809	5124.925	5535.337	5907.05
12	20268.161	5080.078	6329.707	5688.949	5647.844	5434.647	5131.746	4669.805	4852.845	4288.367	4204.486	4371.292	4176.415	4019.458	3794.558	3380.269	3074.366	2773.888	2539.559	2375.83	2194.258	2023.689	1804.01	1571.622	1281.735	990.374	711.688	458.218	259.4	109.609	30.413	-1	-1	-1	-1	-1	-1	-1	-1	-1	-1	-1	-1	-1	-1	-1	-1	30.413	109.609	259.4	458.218	711.688	990.374	1281.735	1571.622	1804.01	2023.689	2194.258	2375.83	2539.559	2773.888	3074.366	3380.269	3794.558	4019.458	4176.415	4371.292	4204.486	4288.367	4852.845	4669.805	5131.746	5434.647	5647.844	5688.949
13	20344.491	7839.386	8258.243	6642.189	5836.911	5106.294	4619.526	4864.536	4809.482	5084.821	4754.96	4513.064	4341.725	4034.943	3736.831	3282.641	2945.008	2691.528	2451.832	2249.026	1984.036	1722.908	1409.535	1112.822	786.92	511.446	271.671	119.538	26.736	-1	-1	-1	-1	-1	-1	-1	-1	-1	-1	-1	-1	-1	-1	-1	-1	-1	-1	-1	-1	26.736	119.538	271.671	511.446	786.92	1112.822	1409.535	1722.908	1984.036	2249.026	2451.832	2691.528	2945.008	3282.641	3736.831	4034.943	4341.725	4513.064	4754.96	5084.821	4809.482	4864.536	4619.526	5106.294	5836.911	6642.189
14	23524.778	5722.973	7130.261	6407.177	6279.442	5857.526	5386.69	5347.385	5068.748	4895.858	4671.454	4446.09	4242.296	3946.787	3608.741	3187.921	2833.676	2560.132	2263.263	1984.297	1680.264	1340.941	984.619	669.371	401.282	172.931	49.503	-1	-1	-1	-1	-1	-1	-1	-1	-1	-1	-1	-1	-1	-1	-1	-1	-1	-1	-1	-1	-1	-1	-1	-1	49.503	172.931	401.282	669.371	984.619	1340.941	1680.264	1984.297	2263.263	2560.132	2833.676	3187.921	3608.741	3946.787	4242.296	4446.09	4671.454	4895.858	5068.748	5347.385	5386.69	5857.526	6279.442	6407.177
15	26961.711	6265.437	7680.153	6741.504	6580.871	6278.301	5795.648	5479.983	5431.771	5134.74	4661.36	4390.841	4026.828	3774.336	3355.757	3020.329	2657.452	2346.471	2008.958	1675.764	1312.106	956.283	628.465	348.014	143.133	28.591	-1	-1	-1	-1	-1	-1	-1	-1	-1	-1	-1	-1	-1	-1	-1	-1	-1	-1	-1	-1	-1	-1	-1	-1	-1	-1	28.591	143.133	348.014	628.465	956.283	1312.106	1675.764	2008.958	2346.471	2657.452	3020.329	3355.757	3774.336	4026.828	4390.841	4661.36	5134.74	5431.771	5479.983	5795.648	6278.301	6580.871	6741.504
16	19036.814	6730.338	8029.631	7250.317	7018.34	6637.419	6176.849	5831.152	5589.378	5299.24	4558.652	4236.21	3822.934	3529.049	3198.798	2803.688	2483.938	2106.277	1746.564	1333.91	977.399	640.095	343.902	144.435	26.755	-1	-1	-1	-1	-1	-1	-1	-1	-1	-1	-1	-1	-1	-1	-1	-1	-1	-1	-1	-1	-1	-1	-1	-1	-1	-1	-1	-1	26.755	144.435	343.902	640.095	977.399	1333.91	1746.564	2106.277	2483.938	2803.688	3198.798	3529.049	3822.934	4236.21	4558.652	5299.24	5589.378	5831.152	6176.849	6637.419	7018.34	7250.317
17	17026.437	6291.493	7796.864	7321.915	7284.835	6999.142	6561.057	5994.85	5602.092	5176.999	4711.381	4098.223	3722.495	3352.674	2941.573	2597.653	2187.22	1817.092	1435.019	1069.401	727.642	410.334	175.538	35.441	-1	-1	-1	-1	-1	-1	-1	-1	-1	-1	-1	-1	-1	-1	-1	-1	-1	-1	-1	-1	-1	-1	-1	-1	-1	-1	-1	-1	-1	-1	35.441	175.538	410.334	727.642	1069.401	1435.019	1817.092	2187.22	2597.653	2941.573	3352.674	3722.495	4098.223	4711.381	5176.999	5602.092	5994.85	6561.057	6999.142	7284.835	7321.915
18	17570.559	6672.104	7863.41	7193.493	6950.54	6549.053	6113.957	5854.834	5450.417	5124.789	4612.677	4067.369	3616.676	3202.352	2808.956	2360.501	1936.348	1561.492	1163.622	780.678	468.884	223.691	60.407	-1	-1	-1	-1	-1	-1	-1	-1	-1	-1	-1	-1	-1	-1	-1	-1	-1	-1	-1	-1	-1	-1	-1	-1	-1	-1	-1	-1	-1	-1	-1	-1	60.407	223.691	468.884	780.678	1163.622	1561.492	1936.348	2360.501	2808.956	3202.352	3616.676	4067.369	4612.677	5124.789	5450.417	5854.834	6113.957	6549.053	6950.54	7193.493
19	16337.58	7268.852	8077.519	7247.384	6846.84	6414.672	6020.346	5804.32	5482.241	5004.121	4461.707	3920.528	3475.638	2998.451	2580.237	2135.593	1687.174	1278.951	891.616	577.604	322.094	107.732	-1	-1	-1	-1	-1	-1	-1	-1	-1	-1	-1	-1	-1	-1	-1	-1	-1	-1	-1	-1	-1	-1	-1	-1	-1	-1	-1	-1	-1	-1	-1	-1	-1	-1	107.732	322.094	577.604	891.616	1278.951	1687.174	2135.593	2580.237	2998.451	3475.638	3920.528	4461.707	5004.121	5482.241	5804.32	6020.346	6414.672	6846.84	7247.384
20	17043.362	6409.19	7525.976	6925.886	6706.008	6338.976	5974.037	5658.171	5328.635	4803.474	4257.176	3703.968	3221.248	2761.27	2334.158	1872.206	1434.384	1042.415	707.739	435.091	203.928	38.489	-1	-1	-1	-1	-1	-1	-1	-1	-1	-1	-1	-1	-1	-1	-1	-1	-1	-1	-1	-1	-1	-1	-1	-1	-1	-1	-1	-1	-1	-1	-1	-1	-1	-1	38.489	203.928	435.091	707.739	1042.415	1434.384	1872.206	2334.158	2761.27	3221.248	3703.968	4257.176	4803.474	5328.635	5658.171	5974.037	6338.976	6706.008	6925.886
21	14454.132	6667.121	7540.247	6947.062	6698.697	6378.425	6037.085	5790.712	5209.748	4776.052	4149.305	3565.476	3002.636	2498.448	2068.056	1570.008	1173.12	778.676	497.907	268.598	103.594	-1	-1	-1	-1	-1	-1	-1	-1	-1	-1	-1	-1	-1	-1	-1	-1	-1	-1	-1	-1	-1	-1	-1	-1	-1	-1	-1	-1	-1	-1	-1	-1	-1	-1	-1	-1	103.594	268.598	497.907	778.676	1173.12	1570.008	2068.056	2498.448	3002.636	3565.476	4149.305	4776.052	5209.748	5790.712	6037.085	6378.425	6698.697	6947.062
22	13840.321	6474.504	7008.298	6381.27	6205.322	5990.253	5731.149	5328.476	4940.543	4319.428	3842.859	3220.106	2753.482	2245.191	1764.758	1348.1	941.43	611.33	386.656	172.13	45.561	-1	-1	-1	-1	-1	-1	-1	-1	-1	-1	-1	-1	-1	-1	-1	-1	-1	-1	-1	-1	-1	-1	-1	-1	-1	-1	-1	-1	-1	-1	-1	-1	-1	-1	-1	-1	45.561	172.13	386.656	611.33	941.43	1348.1	1764.758	2245.191	2753.482	3220.106	3842.859	4319.428	4940.543	5328.476	5731.149	5990.253	6205.322	6381.27
23	9766.882	6183.563	6476.224	5993.717	5802.031	5563.838	5294.931	5055.555	4713.283	4091.407	3537.264	2903.953	2412.074	1911.241	1496.628	1060.429	755.89	453.2	267.986	131.818	51.059	-1	-1	-1	-1	-1	-1	-1	-1	-1	-1	-1	-1	-1	-1	-1	-1	-1	-1	-1	-1	-1	-1	-1	-1	-1	-1	-1	-1	-1	-1	-1	-1	-1	-1	-1	-1	51.059	131.818	267.986	453.2	755.89	1060.429	1496.628	1911.241	2412.074	2903.953	3537.264	4091.407	4713.283	5055.555	5294.931	5563.838	5802.031	5993.717
24	8845.079	4287.706	5000.429	4805.691	4871.281	4838.985	4712.758	4507.44	4226.817	3760.737	3235.835	2629.3	2196.847	1770.35	1315.12	887.597	579.91	350.365	198.798	85.362	20.236	-1	-1	-1	-1	-1	-1	-1	-1	-1	-1	-1	-1	-1	-1	-1	-1	-1	-1	-1	-1	-1	-1	-1	-1	-1	-1	-1	-1	-1	-1	-1	-1	-1	-1	-1	-1	20.236	85.362	198.798	350.365	579.91	887.597	1315.12	1770.35	2196.847	2629.3	3235.835	3760.737	4226.817	4507.44	4712.758	4838.985	4871.281	4805.691
25	6200.959	4412.237	4744.759	4485.27	4400.34	4252.525	4062.939	3757.419	3496.732	3029.061	2568.326	2108.536	1779.837	1415.663	1091.616	811.071	566.974	404.939	238.265	156.3	88	-1	14.752	-1	-1	-1	-1	-1	-1	-1	-1	-1	-1	-1	-1	-1	-1	-1	-1	-1	-1	-1	-1	-1	-1	-1	-1	-1	-1	-1	-1	-1	-1	-1	-1	14.752	-1	88	156.3	238.265	404.939	566.974	811.071	1091.616	1415.663	1779.837	2108.536	2568.326	3029.061	3496.732	3757.419	4062.939	4252.525	4400.34	4485.27
26	4097.511	3651.946	3698.695	3537.478	3525.218	3507.752	3359.44	3227.345	2969.378	2571.139	2208.717	1799.748	1557.616	1286.259	1003.176	748.177	597.523	448.171	488.62	272.289	145.814	46.54	13.965	-1	-1	-1	-1	-1	-1	-1	-1	-1	-1	-1	-1	-1	-1	-1	-1	-1	-1	-1	-1	-1	-1	-1	-1	-1	-1	-1	-1	-1	-1	-1	-1	13.965	46.54	145.814	272.289	488.62	448.171	597.523	748.177	1003.176	1286.259	1557.616	1799.748	2208.717	2571.139	2969.378	3227.345	3359.44	3507.752	3525.218	3537.478
27	2537.86	4388.358	3858.485	3360.192	3053.664	2830.561	2625.728	2323.192	2276.326	1958.721	1673.175	1461.008	1251.683	1120.183	957.558	873.601	804.386	563.142	398.115	367.389	285.522	180.264	98.319	43.058	16.351	-1	-1	-1	-1	-1	-1	-1	-1	-1	-1	-1	-1	-1	-1	-1	-1	-1	-1	-1	-1	-1	-1	-1	-1	-1	-1	-1	-1	16.351	43.058	98.319	180.264	285.522	367.389	398.115	563.142	804.386	873.601	957.558	1120.183	1251.683	1461.008	1673.175	1958.721	2276.326	2323.192	2625.728	2830.561	3053.664	3360.192
28	1918.88	2127.405	2167.553	2097.908	2102.835	2080.351	1962.963	2004.585	1894.805	1713.316	1423.74	1185.022	1149.596	1045.908	989.348	680.471	627.26	568.143	567.265	542.62	406.63	245.591	159.086	90.065	32.034	-1	-1	-1	-1	-1	-1	-1	-1	-1	-1	-1	-1	-1	-1	-1	-1	-1	-1	-1	-1	-1	-1	-1	-1	-1	-1	-1	-1	32.034	90.065	159.086	245.591	406.63	542.62	567.265	568.143	627.26	680.471	989.348	1045.908	1149.596	1185.022	1423.74	1713.316	1894.805	2004.585	1962.963	2080.351	2102.835	2097.908
29	1263.793	2047.838	1769.426	1606.561	1559.809	1532.381	1532.389	1530.574	1644.66	1491.243	1363.571	1102.223	1179.666	1128.285	1052.162	993.174	851.275	787.906	625.341	505.423	437.155	276.862	182.845	78.304	42.712	-1	-1	-1	-1	-1	-1	-1	-1	-1	-1	-1	-1	-1	-1	-1	-1	-1	-1	-1	-1	-1	-1	-1	-1	-1	-1	-1	-1	42.712	78.304	182.845	276.862	437.155	505.423	625.341	787.906	851.275	993.174	1052.162	1128.285	1179.666	1102.223	1363.571	1491.243	1644.66	1530.574	1532.389	1532.381	1559.809	1606.561
30	1572.054	863.626	942.575	964.931	1051.779	1132.011	1197.453	1292.606	1177.542	1184.151	890.184	806.313	804.407	943.68	938.023	866.213	1010.552	832.569	900.524	608.457	445.932	350.998	217.339	109.319	64.582	12.202	-1	-1	-1	-1	-1	-1	-1	-1	-1	-1	-1	-1	-1	-1	-1	-1	-1	-1	-1	-1	-1	-1	-1	-1	-1	-1	12.202	64.582	109.319	217.339	350.998	445.932	608.457	900.524	832.569	1010.552	866.213	938.023	943.68	804.407	806.313	890.184	1184.151	1177.542	1292.606	1197.453	1132.011	1051.779	964.931
31	903.963	696.219	857.821	821.68	814.898	827.787	864.093	1255.698	898.773	992.358	924.249	949.511	808.405	1156.173	1084.519	692.546	774.731	722.311	581.683	594.556	363.716	326.775	206.553	140.271	62.824	18.056	-1	-1	-1	-1	-1	-1	-1	-1	-1	-1	-1	-1	-1	-1	-1	-1	-1	-1	-1	-1	-1	-1	-1	-1	-1	-1	18.056	62.824	140.271	206.553	326.775	363.716	594.556	581.683	722.311	774.731	692.546	1084.519	1156.173	808.405	949.511	924.249	992.358	898.773	1255.698	864.093	827.787	814.898	821.68
32	541.83	318.141	434.026	478.31	580.842	705.16	850.202	1042.414	930.808	1062.17	943.648	881.635	768.481	1009.621	847.956	983.19	643.353	624.948	517.504	392.21	431.618	303.146	179.978	91.069	68.422	15.002	-1	-1	-1	-1	-1	-1	-1	-1	-1	-1	-1	-1	-1	-1	-1	-1	-1	-1	-1	-1	-1	-1	-1	-1	-1	-1	15.002	68.422	91.069	179.978	303.146	431.618	392.21	517.504	624.948	643.353	983.19	847.956	1009.621	768.481	881.635	943.648	1062.17	930.808	1042.414	850.202	705.16	580.842	478.31
33	809.694	211.734	298.154	330.842	462.645	601.845	750.771	1016.489	713.222	1150.293	719.768	736.118	670.477	773.431	1026.363	750.318	664.03	682.538	655.639	583.075	435.892	387.878	212.473	106.373	34.758	-1	-1	-1	-1	-1	-1	-1	-1	-1	-1	-1	-1	-1	-1	-1	-1	-1	-1	-1	-1	-1	-1	-1	-1	-1	-1	-1	-1	34.758	106.373	212.473	387.878	435.892	583.075	655.639	682.538	664.03	750.318	1026.363	773.431	670.477	736.118	719.768	1150.293	713.222	1016.489	750.771	601.845	462.645	330.842
34	397.428	32885.513	1542.361	646.744	321.406	252.055	241.555	341.172	354.975	656.741	705.013	711.978	824.119	1113.081	1301.265	1053.188	818.989	590.177	707.163	450.545	370.978	258.526	139.179	83.802	43.231	-1	-1	-1	-1	-1	-1	-1	-1	-1	-1	-1	-1	-1	-1	-1	-1	-1	-1	-1	-1	-1	-1	-1	-1	-1	-1	-1	-1	43.231	83.802	139.179	258.526	370.978	450.545	707.163	590.177	818.989	1053.188	1301.265	1113.081	824.119	711.978	705.013	656.741	354.975	341.172	241.555	252.055	321.406	646.744
35	200.812	135.179	205.666	239.577	319.514	403.377	483.451	753.84	864.695	786.115	504.182	514.862	431.157	928.989	1042.353	820.022	750.428	719.079	442.448	486.14	373.302	238.409	115.341	64.108	34.467	-1	-1	-1	-1	-1	-1	-1	-1	-1	-1	-1	-1	-1	-1	-1	-1	-1	-1	-1	-1	-1	-1	-1	-1	-1	-1	-1	-1	34.467	64.108	115.341	238.409	373.302	486.14	442.448	719.079	750.428	820.022	1042.353	928.989	431.157	514.862	504.182	786.115	864.695	753.84	483.451	403.377	319.514	239.577
36	282.366	413.239	540.152	484.173	618.092	702.448	753.51	446.472	1047.852	1170.798	369.431	279.904	428.414	437.563	614.676	412.904	397.635	407.566	386.725	457.604	474.003	267.747	110.538	78.786	37.659	-1	-1	-1	-1	-1	-1	-1	-1	-1	-1	-1	-1	-1	-1	-1	-1	-1	-1	-1	-1	-1	-1	-1	-1	-1	-1	-1	-1	37.659	78.786	110.538	267.747	474.003	457.604	386.725	407.566	397.635	412.904	614.676	437.563	428.414	279.904	369.431	1170.798	1047.852	446.472	753.51	702.448	618.092	484.173
37	545.546	488.703	447.128	290.622	260.169	234.758	257.162	2078.832	1325.389	2695.561	369.676	489.277	495.204	563.022	499.002	500.564	388.893	275.819	216.368	326.674	215.849	219.153	140.306	69.988	12.608	-1	-1	-1	-1	-1	-1	-1	-1	-1	-1	-1	-1	-1	-1	-1	-1	-1	-1	-1	-1	-1	-1	-1	-1	-1	-1	-1	-1	12.608	69.988	140.306	219.153	215.849	326.674	216.368	275.819	388.893	500.564	499.002	563.022	495.204	489.277	369.676	2695.561	1325.389	2078.832	257.162	234.758	260.169	290.622
38	522.944	230.58	255.56	198.97	227.127	288.628	361.231	86.413	1277.629	765.406	673.138	356.888	381.216	470.549	540.371	441.186	341.226	529.987	477.183	351.96	293.957	191.852	154.068	47.603	19.212	-1	-1	-1	-1	-1	-1	-1	-1	-1	-1	-1	-1	-1	-1	-1	-1	-1	-1	-1	-1	-1	-1	-1	-1	-1	-1	-1	-1	19.212	47.603	154.068	191.852	293.957	351.96	477.183	529.987	341.226	441.186	540.371	470.549	381.216	356.888	673.138	765.406	1277.629	86.413	361.231	288.628	227.127	198.97
39	601.973	370.076	415.726	305.224	302.675	321.367	347.2	553.016	592.107	694.65	230.31	274.539	355.833	199.208	377.46	260.834	245.473	298.463	241.079	285.964	171.713	180.418	81.949	44.023	29.53	-1	-1	-1	-1	-1	-1	-1	-1	-1	-1	-1	-1	-1	-1	-1	-1	-1	-1	-1	-1	-1	-1	-1	-1	-1	-1	-1	-1	29.53	44.023	81.949	180.418	171.713	285.964	241.079	298.463	245.473	260.834	377.46	199.208	355.833	274.539	230.31	694.65	592.107	553.016	347.2	321.367	302.675	305.224
40	336.363	307.047	339.013	321.32	387.619	567.255	432.457	2157.124	2685.679	1226.77	710.611	275.83	582.634	501.924	487.494	321.407	168.88	179.018	158.74	161.47	143.915	117.776	119.904	45.423	46.118	-1	-1	-1	-1	-1	-1	-1	-1	-1	-1	-1	-1	-1	-1	-1	-1	-1	-1	-1	-1	-1	-1	-1	-1	-1	-1	-1	-1	46.118	45.423	119.904	117.776	143.915	161.47	158.74	179.018	168.88	321.407	487.494	501.924	582.634	275.83	710.611	1226.77	2685.679	2157.124	432.457	567.255	387.619	321.32
41	692.037	312.979	461.306	236.709	248.889	232.104	226.792	923.922	701.349	340.295	196.011	256.76	225.42	278.367	432.081	370.762	444.867	376.457	233.155	247.62	123.581	37.802	33.732	33.984	13.958	-1	-1	-1	-1	-1	-1	12.445	-1	-1	-1	-1	-1	-1	-1	-1	-1	-1	-1	-1	-1	-1	12.445	-1	-1	-1	-1	-1	-1	13.958	33.984	33.732	37.802	123.581	247.62	233.155	376.457	444.867	370.762	432.081	278.367	225.42	256.76	196.011	340.295	701.349	923.922	226.792	232.104	248.889	236.709
42	1007.986	382.412	262.729	198.331	167.736	152.021	165.829	466.746	250.526	298.891	135.08	122.456	210.704	701.689	460.364	377.77	471.017	227.197	566.523	304.593	136.593	87.669	25.055	-1	-1	-1	-1	-1	-1	-1	-1	-1	13.107	-1	-1	-1	-1	-1	-1	-1	-1	-1	-1	-1	-1	13.107	-1	-1	-1	-1	-1	-1	-1	-1	-1	25.055	87.669	136.593	304.593	566.523	227.197	471.017	377.77	460.364	701.689	210.704	122.456	135.08	298.891	250.526	466.746	165.829	152.021	167.736	198.331
43	133.517	496.625	488.188	654.469	1036.7	1742.562	1781.615	1998.073	557.495	480.984	556.362	180.593	309.284	228.939	233.628	287.638	190.524	194.222	290.626	202.342	165.347	58.219	14.099	-1	-1	-1	-1	-1	-1	-1	-1	-1	-1	-1	-1	-1	-1	-1	-1	-1	-1	-1	-1	-1	-1	-1	-1	-1	-1	-1	-1	-1	-1	-1	-1	14.099	58.219	165.347	202.342	290.626	194.222	190.524	287.638	233.628	228.939	309.284	180.593	556.362	480.984	557.495	1998.073	1781.615	1742.562	1036.7	654.469
44	2199.543	307.492	283.724	221.405	208.518	214.581	246.979	1866.952	175.773	335.251	204.132	164.508	417.447	302.351	224.63	445.582	281.151	145.82	178.356	159.466	142.906	87.297	144.252	24.297	-1	-1	-1	-1	-1	-1	-1	-1	-1	-1	-1	-1	-1	-1	-1	-1	-1	-1	-1	-1	-1	-1	-1	-1	-1	-1	-1	-1	-1	-1	24.297	144.252	87.297	142.906	159.466	178.356	145.82	281.151	445.582	224.63	302.351	417.447	164.508	204.132	335.251	175.773	1866.952	246.979	214.581	208.518	221.405
45	456.691	561.119	543.654	417.258	486.813	563.254	476.999	1152.22	682.935	1538.428	2019.482	344.472	178.634	420.09	273.884	127.396	113.239	135.911	107.113	111.459	94.42	95.443	48.826	28.401	15.128	-1	-1	-1	-1	-1	-1	-1	-1	-1	-1	-1	-1	-1	-1	-1	-1	-1	-1	-1	-1	-1	-1	-1	-1	-1	-1	-1	-1	15.128	28.401	48.826	95.443	94.42	111.459	107.113	135.911	113.239	127.396	273.884	420.09	178.634	344.472	2019.482	1538.428	682.935	1152.22	476.999	563.254	486.813	417.258
