lateral	-38.5	-37.5	-36.5	-35.5	-34.5	-33.5	-32.5	-31.5	-30.5	-29.5	-28.5	-27.5	-26.5	-25.5	-24.5	-23.5	-22.5	-21.5	-20.5	-19.5	-18.5	-17.5	-16.5	-15.5	-14.5	-13.5	-12.5	-11.5	-10.5	-9.5	-8.5	-7.5	-6.5	-5.5	-4.5	-3.5	-2.5	-1.5	-0.5	0.5	1.5	2.5	3.5	4.5	5.5	6.5	7.5	8.5	9.5	10.5	11.5	12.5	13.5	14.5	15.5	16.5	17.5	18.5	19.5	20.5	21.5	22.5	23.5	24.5	25.5	26.5	27.5	28.5	29.5	30.5	31.5	32.5	33.5	34.5	35.5
DFB	mm	mm	mm	mm	mm	mm	mm	mm	mm	mm	mm	mm	mm	mm	mm	mm	mm	mm	mm	mm	mm	mm	mm	mm	mm	mm	mm	mm	mm	mm	mm	mm	mm	mm	mm	mm	mm	mm	mm	mm	mm	mm	mm	mm	mm	mm	mm	mm	mm	mm	mm	mm	mm	mm	mm	mm	mm	mm	mm	mm	mm	mm	mm	mm	mm	mm	mm	mm	mm	mm	mm	mm	mm	mm	mm
mm																																																																											
-5	-1	-1	-1	-1	-1	-1	-1	-1	-1	-1	-1	-1	-1	-1	-1	-1	-1	-1	-1	-1	-1	-1	-1	-1	-1	-1	-1	-1	-1	-1	-1	-1	-1	-1	-1	-1	-1	-1	-1	-1	-1	-1	-1	-1	-1	-1	-1	-1	-1	-1	-1	-1	-1	-1	-1	-1	-1	-1	-1	-1	-1	-1	-1	-1	-1	-1	-1	-1	-1	-1	-1	-1	-1	-1	-1
-4	-1	-1	-1	-1	-1	-1	-1	-1	-1	-1	-1	-1	-1	-1	-1	-1	-1	-1	-1	-1	1173.323	1193.696	1174.986	-1	-1	-1	-1	1197.17	-1	-1	-1	-1	-1	-1	-1	-1	-1	-1	-1	-1	-1	-1	-1	-1	-1	-1	-1	-1	-1	-1	1197.17	-1	-1	-1	-1	1174.986	1193.696	1173.323	-1	-1	-1	-1	-1	-1	-1	-1	-1	-1	-1	-1	-1	-1	-1	-1	-1
-3	-1	-1	-1	-1	-1	-1	-1	-1	-1	-1	-1	-1	-1	-1	-1	-1	-1	-1	-1	-1	1304.472	1342.85	1267.084	-1	-1	-1	-1	-1	-1	1181.065	-1	-1	-1	-1	-1	-1	-1	-1	-1	-1	-1	-1	-1	-1	-1	-1	-1	-1	1181.065	-1	-1	-1	-1	-1	-1	1267.084	1342.85	1304.472	-1	-1	-1	-1	-1	-1	-1	-1	-1	-1	-1	-1	-1	-1	-1	-1	-1
-2	-1	-1	-1	-1	-1	-1	-1	-1	-1	-1	-1	-1	-1	-1	-1	-1	1204.468	-1	-1	-1	-1	-1	-1	-1	1166.618	-1	-1	-1	1133.596	1271.144	-1	-1	-1	-1	-1	-1	-1	-1	-1	-1	-1	-1	-1	-1	-1	-1	-1	-1	1271.144	1133.596	-1	-1	-1	1166.618	-1	-1	-1	-1	-1	-1	-1	1204.468	-1	-1	-1	-1	-1	-1	-1	-1	-1	-1	-1	-1	-1
-1	-1	-1	-1	-1	-1	-1	-1	-1	-1	-1	-1	-1	1279.186	-1	-1	-1	-1	-1	-1	1249.371	1204.722	1321.709	-1	-1	-1	-1	-1	-1	-1	1192.322	-1	-1	-1	-1	-1	-1	-1	-1	-1	-1	-1	-1	-1	-1	-1	-1	-1	-1	1192.322	-1	-1	-1	-1	-1	-1	-1	1321.709	1204.722	1249.371	-1	-1	-1	-1	-1	-1	1279.186	-1	-1	-1	-1	-1	-1	-1	-1	-1
0	-1	-1	-1	-1	-1	-1	-1	-1	-1	-1	-1	-1	-1	-1	-1	-1	1280.921	-1	-1	-1	-1	-1	-1	-1	-1	1199.798	-1	1168.77	1152.379	-1	-1	-1	-1	-1	-1	-1	-1	-1	-1	-1	-1	-1	-1	-1	-1	-1	-1	-1	-1	1152.379	1168.77	-1	1199.798	-1	-1	-1	-1	-1	-1	-1	-1	1280.921	-1	-1	-1	-1	-1	-1	-1	-1	-1	-1	-1	-1	-1
1	-1	-1	-1	-1	-1	-1	-1	-1	-1	-1	-1	-1	-1	-1	-1	-1	-1	-1	-1	-1	1420.169	-1	-1	-1	-1	-1	-1	-1	1289.753	1427.674	1436.443	1484.197	-1	-1	-1	-1	-1	-1	-1	-1	-1	-1	-1	-1	-1	-1	1484.197	1436.443	1427.674	1289.753	-1	-1	-1	-1	-1	-1	-1	1420.169	-1	-1	-1	-1	-1	-1	-1	-1	-1	-1	-1	-1	-1	-1	-1	-1	-1
2	-1	-1	-1	-1	-1	-1	-1	-1	-1	-1	-1	-1	-1	-1	-1	-1	-1	-1	-1	1361.373	-1	1269.819	1194.13	1166.211	1147.658	1131.313	1177.997	1239.816	1251.979	-1	-1	1300.268	1362.354	-1	-1	-1	-1	-1	-1	-1	-1	-1	-1	-1	-1	1362.354	1300.268	-1	-1	1251.979	1239.816	1177.997	1131.313	1147.658	1166.211	1194.13	1269.819	-1	1361.373	-1	-1	-1	-1	-1	-1	-1	-1	-1	-1	-1	-1	-1	-1	-1	-1
3	-1	-1	-1	-1	-1	-1	-1	-1	-1	-1	-1	-1	-1	-1	-1	-1	-1	-1	-1	-1	-1	-1	-1	-1	1199.719	-1	-1	-1	1173.531	1226.314	1284.902	1225.365	1313.726	1333.37	1399.316	-1	-1	1407.062	1346.322	1346.322	1407.062	-1	-1	1399.316	1333.37	1313.726	1225.365	1284.902	1226.314	1173.531	-1	-1	-1	1199.719	-1	-1	-1	-1	-1	-1	-1	-1	-1	-1	-1	-1	-1	-1	-1	-1	-1	-1	-1	-1	-1
4	-1	-1	-1	-1	-1	-1	-1	-1	-1	-1	-1	-1	-1	-1	-1	-1	1289.106	-1	-1	-1	-1	-1	-1	-1	-1	-1	1133.399	1140.462	1092.563	1125.085	-1	-1	-1	-1	-1	-1	-1	-1	-1	-1	-1	-1	-1	-1	-1	-1	-1	-1	1125.085	1092.563	1140.462	1133.399	-1	-1	-1	-1	-1	-1	-1	-1	-1	1289.106	-1	-1	-1	-1	-1	-1	-1	-1	-1	-1	-1	-1	-1
5	-1	-1	-1	-1	-1	-1	-1	-1	-1	-1	-1	-1	1363.137	-1	-1	-1	-1	-1	-1	-1	-1	-1	-1	-1	-1	-1	-1	1185.286	1146.987	-1	-1	-1	-1	-1	-1	-1	-1	-1	-1	-1	-1	-1	-1	-1	-1	-1	-1	-1	-1	1146.987	1185.286	-1	-1	-1	-1	-1	-1	-1	-1	-1	-1	-1	-1	-1	-1	1363.137	-1	-1	-1	-1	-1	-1	-1	-1	-1
6	-1	-1	-1	-1	-1	-1	-1	-1	-1	-1	-1	-1	-1	-1	-1	-1	-1	-1	-1	-1	-1	-1	-1	1265.311	1209.768	1183.793	-1	-1	1244.345	-1	-1	-1	-1	-1	-1	-1	-1	-1	1301.045	1301.045	-1	-1	-1	-1	-1	-1	-1	-1	-1	1244.345	-1	-1	1183.793	1209.768	1265.311	-1	-1	-1	-1	-1	-1	-1	-1	-1	-1	-1	-1	-1	-1	-1	-1	-1	-1	-1	-1
7	-1	-1	-1	-1	-1	-1	-1	-1	-1	-1	-1	-1	-1	-1	-1	-1	-1	-1	-1	-1	-1	-1	-1	-1	-1	-1	1173.726	1168.227	1234.343	1191.178	-1	1405.019	-1	-1	-1	-1	-1	-1	-1	-1	-1	-1	-1	-1	-1	-1	1405.019	-1	1191.178	1234.343	1168.227	1173.726	-1	-1	-1	-1	-1	-1	-1	-1	-1	-1	-1	-1	-1	-1	-1	-1	-1	-1	-1	-1	-1	-1	-1
8	-1	-1	-1	-1	-1	-1	-1	-1	-1	-1	-1	-1	1279.164	-1	-1	-1	-1	-1	-1	-1	1383.519	-1	-1	-1	1282.952	-1	-1	-1	-1	-1	1395.859	-1	-1	-1	-1	-1	-1	-1	-1	-1	-1	-1	-1	-1	-1	-1	-1	1395.859	-1	-1	-1	-1	-1	1282.952	-1	-1	-1	1383.519	-1	-1	-1	-1	-1	-1	-1	1279.164	-1	-1	-1	-1	-1	-1	-1	-1	-1
9	-1	-1	-1	-1	-1	-1	-1	-1	-1	-1	-1	-1	-1	-1	-1	-1	-1	-1	-1	1307.122	1273.76	1336.03	-1	-1	-1	-1	-1	-1	-1	-1	-1	-1	-1	-1	-1	-1	-1	-1	-1	-1	-1	-1	-1	-1	-1	-1	-1	-1	-1	-1	-1	-1	-1	-1	-1	-1	1336.03	1273.76	1307.122	-1	-1	-1	-1	-1	-1	-1	-1	-1	-1	-1	-1	-1	-1	-1	-1
10	-1	-1	-1	-1	-1	-1	-1	-1	-1	-1	1538.619	-1	-1	-1	-1	-1	-1	-1	1205.955	1201.819	1130.077	1164.523	1170.179	1253.824	-1	-1	-1	-1	1330.682	1421.069	1440.692	1446.959	-1	-1	-1	-1	-1	-1	-1	-1	-1	-1	-1	-1	-1	-1	1446.959	1440.692	1421.069	1330.682	-1	-1	-1	-1	1253.824	1170.179	1164.523	1130.077	1201.819	1205.955	-1	-1	-1	-1	-1	-1	-1	1538.619	-1	-1	-1	-1	-1	-1	-1
11	-1	-1	-1	-1	-1	-1	-1	-1	-1	1420.852	1545.365	1474.011	1500.338	1513.167	-1	-1	-1	-1	-1	1229.096	1164.009	1161.211	1247.551	1199.114	-1	1336.792	-1	1376.291	-1	-1	-1	1630.627	1671.965	1662.42	1663.149	1666.872	1665.713	1659.411	1655.786	1655.786	1659.411	1665.713	1666.872	1663.149	1662.42	1671.965	1630.627	-1	-1	-1	1376.291	-1	1336.792	-1	1199.114	1247.551	1161.211	1164.009	1229.096	-1	-1	-1	-1	-1	1513.167	1500.338	1474.011	1545.365	1420.852	-1	-1	-1	-1	-1	-1
12	-1	-1	-1	-1	-1	-1	-1	-1	1433.212	1405.318	1410.945	1432.281	1406.028	1414.685	-1	-1	-1	1364.611	1329.793	1236.916	-1	-1	-1	-1	-1	-1	-1	1394.306	1476.755	1533.356	1651.483	1562.549	1735.464	1734.928	1740.23	1728.775	1728.746	1739.986	1734.609	1734.609	1739.986	1728.746	1728.775	1740.23	1734.928	1735.464	1562.549	1651.483	1533.356	1476.755	1394.306	-1	-1	-1	-1	-1	-1	-1	1236.916	1329.793	1364.611	-1	-1	-1	1414.685	1406.028	1432.281	1410.945	1405.318	1433.212	-1	-1	-1	-1	-1
13	-1	-1	-1	-1	-1	-1	-1	-1	1403.53	1451.026	1372.93	1367.559	1354.654	1379.511	1375.619	-1	-1	1454.447	1411.443	-1	-1	-1	1293.823	1303.563	-1	1441.331	1524.592	1542.165	1550.198	1614.281	1662.149	1601.832	1672.809	1665.617	1673.192	1679.928	1679.193	1670.842	1661.64	1661.64	1670.842	1679.193	1679.928	1673.192	1665.617	1672.809	1601.832	1662.149	1614.281	1550.198	1542.165	1524.592	1441.331	-1	1303.563	1293.823	-1	-1	-1	1411.443	1454.447	-1	-1	1375.619	1379.511	1354.654	1367.559	1372.93	1451.026	1403.53	-1	-1	-1	-1	-1
14	-1	-1	-1	-1	-1	-1	-1	1473.711	1480.431	1429.982	1477.883	1473.485	1425.241	1397.35	1421.832	-1	1315.757	1391.692	1315.853	1291.078	1369.528	1413.993	-1	1473.594	1537.89	1481.229	1606.075	1572.813	1636.3	1611.723	1666.755	1647.268	1718.293	1712.676	1718.175	1721.621	1721.032	1716.339	1709.642	1709.642	1716.339	1721.032	1721.621	1718.175	1712.676	1718.293	1647.268	1666.755	1611.723	1636.3	1572.813	1606.075	1481.229	1537.89	1473.594	-1	1413.993	1369.528	1291.078	1315.853	1391.692	1315.757	-1	1421.832	1397.35	1425.241	1473.485	1477.883	1429.982	1480.431	1473.711	-1	-1	-1	-1
15	-1	-1	-1	-1	-1	-1	-1	1465.669	1408.964	1405.663	1409.056	1394.326	1404.215	1363.641	1364.372	1433.997	1506.487	1455.221	1535.161	1466.046	1497.455	1566.379	1597.974	1522.241	1575.629	1563.903	1611.374	1631.261	1678.103	1671.375	1707.266	1693.706	1731.702	1738.641	1748.404	1758.18	1758.728	1750.382	1742.536	1742.536	1750.382	1758.728	1758.18	1748.404	1738.641	1731.702	1693.706	1707.266	1671.375	1678.103	1631.261	1611.374	1563.903	1575.629	1522.241	1597.974	1566.379	1497.455	1466.046	1535.161	1455.221	1506.487	1433.997	1364.372	1363.641	1404.215	1394.326	1409.056	1405.663	1408.964	1465.669	-1	-1	-1	-1
16	-1	-1	-1	-1	-1	-1	-1	1459.913	1388.158	1423.122	1409.815	1406.433	1373.115	1357.458	1392.796	1385.299	1439.447	1420.457	1407.055	1492.062	1526.212	1548.737	1578.795	1576.702	1626.833	1614.922	1655.296	1649.844	1693.271	1697.612	1734.883	1744.314	1779.505	1789.504	1799.378	1807.21	1808.164	1802.52	1795.281	1795.281	1802.52	1808.164	1807.21	1799.378	1789.504	1779.505	1744.314	1734.883	1697.612	1693.271	1649.844	1655.296	1614.922	1626.833	1576.702	1578.795	1548.737	1526.212	1492.062	1407.055	1420.457	1439.447	1385.299	1392.796	1357.458	1373.115	1406.433	1409.815	1423.122	1388.158	1459.913	-1	-1	-1	-1
17	-1	-1	-1	-1	-1	-1	-1	1334.859	1391.844	1411.906	1425.831	1393.683	1381.388	1367.898	1388.169	1390.74	1468.185	1455.961	1499.218	1486.06	1564.733	1541.276	1572.665	1591.002	1624.594	1629.482	1668.983	1681.128	1706.265	1729.205	1761.302	1771.887	1800.429	1812.371	1823.037	1832.384	1833.628	1826.996	1819.417	1819.417	1826.996	1833.628	1832.384	1823.037	1812.371	1800.429	1771.887	1761.302	1729.205	1706.265	1681.128	1668.983	1629.482	1624.594	1591.002	1572.665	1541.276	1564.733	1486.06	1499.218	1455.961	1468.185	1390.74	1388.169	1367.898	1381.388	1393.683	1425.831	1411.906	1391.844	1334.859	-1	-1	-1	-1
18	-1	-1	-1	-1	-1	-1	-1	1407.871	1366.696	1381.504	1366.513	1344.172	1337.27	1347.367	1370.004	1412.531	1409.979	1459.528	1518.096	1535.736	1569.631	1584.261	1591.822	1607.735	1626.05	1651.477	1684.094	1703.785	1731.175	1757.099	1784.967	1800.315	1824.806	1834.571	1844.337	1853.24	1854.36	1847.787	1840.514	1840.514	1847.787	1854.36	1853.24	1844.337	1834.571	1824.806	1800.315	1784.967	1757.099	1731.175	1703.785	1684.094	1651.477	1626.05	1607.735	1591.822	1584.261	1569.631	1535.736	1518.096	1459.528	1409.979	1412.531	1370.004	1347.367	1337.27	1344.172	1366.513	1381.504	1366.696	1407.871	-1	-1	-1	-1
19	-1	-1	-1	-1	-1	-1	-1	1352.119	1335.546	1347.65	1347.885	1353.391	1351.272	1366.869	1411.714	1448.92	1472.865	1484.343	1518.351	1514.86	1544.946	1567.951	1598.701	1619.948	1645.782	1671.304	1700.431	1723.577	1744.949	1768.696	1793.201	1809.104	1831.414	1843.979	1854.252	1862.692	1864.247	1858.923	1851.808	1851.808	1858.923	1864.247	1862.692	1854.252	1843.979	1831.414	1809.104	1793.201	1768.696	1744.949	1723.577	1700.431	1671.304	1645.782	1619.948	1598.701	1567.951	1544.946	1514.86	1518.351	1484.343	1472.865	1448.92	1411.714	1366.869	1351.272	1353.391	1347.885	1347.65	1335.546	1352.119	-1	-1	-1	-1
20	-1	-1	-1	-1	-1	-1	-1	1425.936	1347.31	1371.445	1316.764	1356.838	1328.083	1346.192	1375.349	1394.044	1464.582	1494.943	1509.706	1535.789	1557.542	1595.342	1599.623	1626.589	1643.92	1678.677	1696.641	1723.115	1745.066	1767.309	1793.209	1814.866	1831.481	1843.325	1853.269	1861.904	1863.499	1857.939	1850.935	1850.935	1857.939	1863.499	1861.904	1853.269	1843.325	1831.481	1814.866	1793.209	1767.309	1745.066	1723.115	1696.641	1678.677	1643.92	1626.589	1599.623	1595.342	1557.542	1535.789	1509.706	1494.943	1464.582	1394.044	1375.349	1346.192	1328.083	1356.838	1316.764	1371.445	1347.31	1425.936	-1	-1	-1	-1
21	-1	-1	-1	-1	-1	-1	-1	1413.205	1397.763	1381.617	1384.417	1339.959	1353.324	1361.472	1400.683	1405.596	1475.781	1489.457	1515.162	1541.321	1560.056	1589.695	1602.165	1626.65	1637.02	1667.738	1690.409	1711.051	1740.144	1764.341	1784.851	1805.39	1820.935	1831.603	1839.109	1843.62	1845.061	1843.312	1838.428	1838.428	1843.312	1845.061	1843.62	1839.109	1831.603	1820.935	1805.39	1784.851	1764.341	1740.144	1711.051	1690.409	1667.738	1637.02	1626.65	1602.165	1589.695	1560.056	1541.321	1515.162	1489.457	1475.781	1405.596	1400.683	1361.472	1353.324	1339.959	1384.417	1381.617	1397.763	1413.205	-1	-1	-1	-1
22	1394.227	-1	-1	-1	-1	-1	-1	1352.521	1364.627	1349.224	1379.279	1381.268	1380.435	1370.261	1408.288	1415.172	1438.168	1466.944	1481.319	1527.386	1544.196	1572.533	1599.576	1621.758	1639.831	1662.91	1685.289	1702.507	1721.536	1740.059	1763.189	1786.764	1798.636	1811.078	1818.433	1821.844	1823.599	1823.507	1819.211	1819.211	1823.507	1823.599	1821.844	1818.433	1811.078	1798.636	1786.764	1763.189	1740.059	1721.536	1702.507	1685.289	1662.91	1639.831	1621.758	1599.576	1572.533	1544.196	1527.386	1481.319	1466.944	1438.168	1415.172	1408.288	1370.261	1380.435	1381.268	1379.279	1349.224	1364.627	1352.521	-1	-1	-1	-1
23	-1	-1	-1	-1	-1	-1	-1	1430.312	1435.228	1378.997	1405.367	1378.068	1368.399	1383.437	1400.277	1423.963	1423.098	1464.908	1487.237	1514.971	1530.968	1542.879	1572.698	1594.395	1613.895	1641.524	1666.219	1690.149	1699.968	1730.437	1742.981	1759.554	1762.15	1769.689	1774.348	1777.833	1778.896	1777.418	1774.605	1774.605	1777.418	1778.896	1777.833	1774.348	1769.689	1762.15	1759.554	1742.981	1730.437	1699.968	1690.149	1666.219	1641.524	1613.895	1594.395	1572.698	1542.879	1530.968	1514.971	1487.237	1464.908	1423.098	1423.963	1400.277	1383.437	1368.399	1378.068	1405.367	1378.997	1435.228	1430.312	-1	-1	-1	-1
24	1354.825	-1	-1	-1	-1	-1	-1	1426.2	1355.656	1376.93	1324.304	1357.488	1378.602	1389.599	1385.679	1389.515	1404.971	1434.096	1460.443	1499.562	1500.753	1538.146	1545.387	1588.268	1610.348	1628.958	1643.269	1666.744	1680.125	1702.714	1718.571	1730.173	1734.019	1740.101	1742.707	1742.606	1743.469	1745.224	1744.119	1744.119	1745.224	1743.469	1742.606	1742.707	1740.101	1734.019	1730.173	1718.571	1702.714	1680.125	1666.744	1643.269	1628.958	1610.348	1588.268	1545.387	1538.146	1500.753	1499.562	1460.443	1434.096	1404.971	1389.515	1385.679	1389.599	1378.602	1357.488	1324.304	1376.93	1355.656	1426.2	-1	-1	-1	-1
25	-1	-1	-1	-1	-1	-1	-1	1355.001	1334.516	1340.652	1331.263	1350.149	1323.91	1361.533	1361.134	1379.334	1393.102	1437.531	1448.24	1484.025	1481.657	1517.885	1526.413	1554.401	1554.643	1587.6	1601.836	1622.682	1645.513	1675.996	1679.178	1703.347	1698.695	1707.485	1708.656	1705.421	1706.649	1712.188	1713.165	1713.165	1712.188	1706.649	1705.421	1708.656	1707.485	1698.695	1703.347	1679.178	1675.996	1645.513	1622.682	1601.836	1587.6	1554.643	1554.401	1526.413	1517.885	1481.657	1484.025	1448.24	1437.531	1393.102	1379.334	1361.134	1361.533	1323.91	1350.149	1331.263	1340.652	1334.516	1355.001	-1	-1	-1	-1
26	1381.285	-1	-1	-1	-1	-1	-1	1342.815	1356.081	1355.457	1330.378	1340.232	1356.461	1346.288	1341.578	1371.511	1377.407	1381.452	1441.51	1463.186	1476.852	1496.862	1499.91	1536.164	1548.142	1567.914	1578.261	1607.192	1599.254	1625.963	1640.226	1661.949	1655.056	1662.823	1665.036	1664.889	1666.003	1668.296	1668.049	1668.049	1668.296	1666.003	1664.889	1665.036	1662.823	1655.056	1661.949	1640.226	1625.963	1599.254	1607.192	1578.261	1567.914	1548.142	1536.164	1499.91	1496.862	1476.852	1463.186	1441.51	1381.452	1377.407	1371.511	1341.578	1346.288	1356.461	1340.232	1330.378	1355.457	1356.081	1342.815	-1	-1	-1	-1
27	-1	-1	-1	-1	-1	-1	-1	1429.201	1380.76	1373.657	1367.669	1334.773	1326.576	1305.14	1305.664	1322.918	1356.339	1372.884	1358.779	1426.858	1440.291	1467.731	1471.523	1483.872	1509.091	1524.437	1535.694	1559.81	1555.09	1575.175	1559.857	1605.311	1589.191	1593.78	1597.674	1604.505	1605.152	1599.522	1596.76	1596.76	1599.522	1605.152	1604.505	1597.674	1593.78	1589.191	1605.311	1559.857	1575.175	1555.09	1559.81	1535.694	1524.437	1509.091	1483.872	1471.523	1467.731	1440.291	1426.858	1358.779	1372.884	1356.339	1322.918	1305.664	1305.14	1326.576	1334.773	1367.669	1373.657	1380.76	1429.201	-1	-1	-1	-1
28	-1	-1	-1	-1	-1	-1	-1	1306.743	1335.511	1351.405	1299.633	1308.712	1306.494	1319.137	1347.061	1327.662	1338.661	1387.517	1369.312	1432.103	1426.921	1455.345	1429.451	1464.788	1445.302	1454.511	1468.176	1484.536	1481.278	1525.713	1528.533	1558.875	1547.541	1566.868	1576.132	1585.123	1587.762	1583.726	1579.135	1579.135	1583.726	1587.762	1585.123	1576.132	1566.868	1547.541	1558.875	1528.533	1525.713	1481.278	1484.536	1468.176	1454.511	1445.302	1464.788	1429.451	1455.345	1426.921	1432.103	1369.312	1387.517	1338.661	1327.662	1347.061	1319.137	1306.494	1308.712	1299.633	1351.405	1335.511	1306.743	-1	-1	-1	-1
29	-1	-1	-1	-1	-1	-1	-1	1387.432	1367.336	1325.568	1301.239	1324.492	1316.663	1282.456	1297.29	1283.435	1267.547	1297.135	1321.397	1386.313	1389.597	1384.753	1387.643	1444.26	1411.728	1419.689	1438.151	1456.526	1457.803	1486.889	1493.616	1532.727	1524.045	1526.294	1529.516	1534.779	1535.12	1530.455	1527.781	1527.781	1530.455	1535.12	1534.779	1529.516	1526.294	1524.045	1532.727	1493.616	1486.889	1457.803	1456.526	1438.151	1419.689	1411.728	1444.26	1387.643	1384.753	1389.597	1386.313	1321.397	1297.135	1267.547	1283.435	1297.29	1282.456	1316.663	1324.492	1301.239	1325.568	1367.336	1387.432	-1	-1	-1	-1
30	-1	-1	-1	-1	-1	-1	-1	1370.571	1440.832	1393.802	1361.778	1352.019	1315.954	1288.334	1267.945	1245.688	1268.431	1274.082	1275.413	1319.696	1387.337	1388.811	1401.183	1381.875	1393.824	1393.291	1402.543	1430.44	1416.47	1466.488	1396.946	1442.864	1490.451	1486.774	1490.784	1489.584	1489.075	1489.336	1484.269	1484.269	1489.336	1489.075	1489.584	1490.784	1486.774	1490.451	1442.864	1396.946	1466.488	1416.47	1430.44	1402.543	1393.291	1393.824	1381.875	1401.183	1388.811	1387.337	1319.696	1275.413	1274.082	1268.431	1245.688	1267.945	1288.334	1315.954	1352.019	1361.778	1393.802	1440.832	1370.571	-1	-1	-1	-1
31	1286.821	-1	-1	-1	-1	-1	-1	1319.71	1381.572	1417.289	1366.156	1350.963	1320.86	1317.169	1326.15	1327.711	1298.411	1245.067	1286.903	1305.725	1376.973	1374.343	1364.59	1341.006	1332.902	1335.77	1351.593	1336.49	1347.16	1361.718	1424.28	1416.945	1439.364	1435.773	1440.407	1446.272	1445.83	1439.031	1433.389	1433.389	1439.031	1445.83	1446.272	1440.407	1435.773	1439.364	1416.945	1424.28	1361.718	1347.16	1336.49	1351.593	1335.77	1332.902	1341.006	1364.59	1374.343	1376.973	1305.725	1286.903	1245.067	1298.411	1327.711	1326.15	1317.169	1320.86	1350.963	1366.156	1417.289	1381.572	1319.71	-1	-1	-1	-1
32	1294.579	-1	-1	-1	-1	-1	-1	1313.638	1337.995	1300.978	1277.16	1279.378	1310.772	1296.175	1292.83	1272.848	1292.68	1275.72	1262.851	1301.395	1342.966	1315.613	1277.487	1284.014	1310.115	1293.358	1280.431	1341.302	1389.261	1437.837	1439.229	1408.383	1445.596	1406.684	1393.736	1387.626	1380.955	1374.132	1375.706	1375.706	1374.132	1380.955	1387.626	1393.736	1406.684	1445.596	1408.383	1439.229	1437.837	1389.261	1341.302	1280.431	1293.358	1310.115	1284.014	1277.487	1315.613	1342.966	1301.395	1262.851	1275.72	1292.68	1272.848	1292.83	1296.175	1310.772	1279.378	1277.16	1300.978	1337.995	1313.638	-1	-1	-1	-1
33	-1	-1	-1	-1	-1	-1	-1	-1	1385.618	1394.429	1366.237	1341.38	1315.301	1284.923	1239.921	1253.372	1240.703	1241.026	1223.814	1222.687	1183.005	1191.612	1226.746	1200.244	1228.768	1257.563	1252.583	1332.296	1397.954	1362.394	1437.895	1390.248	1444.431	1444.777	1458.434	1476.944	1477.2	1458.843	1445.01	1445.01	1458.843	1477.2	1476.944	1458.434	1444.777	1444.431	1390.248	1437.895	1362.394	1397.954	1332.296	1252.583	1257.563	1228.768	1200.244	1226.746	1191.612	1183.005	1222.687	1223.814	1241.026	1240.703	1253.372	1239.921	1284.923	1315.301	1341.38	1366.237	1394.429	1385.618	-1	-1	-1	-1	-1
34	1297.636	-1	-1	-1	-1	-1	-1	1390.716	1378.974	1366.781	1295.433	1323.19	1317.112	1332.599	1318.557	1312.763	1319.027	1240.088	1265.735	1261.442	1222.101	1212.317	1216.634	1205.584	1210.866	1232.656	1222.618	1266.042	1271.563	1288.793	1377.042	1402.867	1428.614	1456.34	1478.689	1499.387	1502.272	1487.624	1472.249	1472.249	1487.624	1502.272	1499.387	1478.689	1456.34	1428.614	1402.867	1377.042	1288.793	1271.563	1266.042	1222.618	1232.656	1210.866	1205.584	1216.634	1212.317	1222.101	1261.442	1265.735	1240.088	1319.027	1312.763	1318.557	1332.599	1317.112	1323.19	1295.433	1366.781	1378.974	1390.716	-1	-1	-1	-1
35	-1	-1	-1	-1	-1	-1	-1	-1	1385.613	1401.184	1376.508	1287.243	1254.213	1302.002	1251.62	1247.258	1255.529	1262.97	1318.915	1313.953	1245.783	1277.45	1190.71	1207.231	1176.658	1178.032	1189.428	1197.91	1204.724	1311.999	1386.62	1311.782	1393.846	1411.763	1428.939	1448.27	1451.255	1437.589	1425.374	1425.374	1437.589	1451.255	1448.27	1428.939	1411.763	1393.846	1311.782	1386.62	1311.999	1204.724	1197.91	1189.428	1178.032	1176.658	1207.231	1190.71	1277.45	1245.783	1313.953	1318.915	1262.97	1255.529	1247.258	1251.62	1302.002	1254.213	1287.243	1376.508	1401.184	1385.613	-1	-1	-1	-1	-1
36	-1	-1	-1	-1	-1	-1	-1	-1	-1	1398.696	1432.547	1397.191	1425.675	1370.14	1311.898	1324.479	1259.023	1251.002	1227.254	1187.395	1249.794	1237.986	1253.762	1236.98	1232.228	1230.773	1210.601	1200.729	1184.939	1248.22	1209.04	1279.476	1366.088	1383.659	1395.44	1401.039	1403.517	1402.585	1395.42	1395.42	1402.585	1403.517	1401.039	1395.44	1383.659	1366.088	1279.476	1209.04	1248.22	1184.939	1200.729	1210.601	1230.773	1232.228	1236.98	1253.762	1237.986	1249.794	1187.395	1227.254	1251.002	1259.023	1324.479	1311.898	1370.14	1425.675	1397.191	1432.547	1398.696	-1	-1	-1	-1	-1	-1
37	-1	-1	-1	-1	-1	-1	-1	-1	-1	1421.264	1463.573	1476.755	1428.046	1350.896	1378.048	1353.308	1372.959	1306.228	1273.693	1217.989	1186.325	1197.325	1185.37	1170.559	1186.343	1166.816	1173.955	1182.389	1258.648	1232.703	1260.974	1265.323	1300.643	1300.886	1309.375	1321.441	1321.672	1309.714	1301.055	1301.055	1309.714	1321.672	1321.441	1309.375	1300.886	1300.643	1265.323	1260.974	1232.703	1258.648	1182.389	1173.955	1166.816	1186.343	1170.559	1185.37	1197.325	1186.325	1217.989	1273.693	1306.228	1372.959	1353.308	1378.048	1350.896	1428.046	1476.755	1463.573	1421.264	-1	-1	-1	-1	-1	-1
38	-1	-1	-1	-1	-1	-1	-1	-1	-1	1497.992	1483.438	1423.397	1452.572	1441.06	1405.857	1300.817	1267.414	1260.063	1344.053	1339.778	1231.1	1248.798	1238.246	1189.492	1211.64	1202.826	1176.877	1186.666	1186.151	1284.516	1336.055	1331.721	1371.78	1357.084	1367.782	1395.074	1393.319	1362.13	1347.312	1347.312	1362.13	1393.319	1395.074	1367.782	1357.084	1371.78	1331.721	1336.055	1284.516	1186.151	1186.666	1176.877	1202.826	1211.64	1189.492	1238.246	1248.798	1231.1	1339.778	1344.053	1260.063	1267.414	1300.817	1405.857	1441.06	1452.572	1423.397	1483.438	1497.992	-1	-1	-1	-1	-1	-1
39	-1	-1	-1	-1	-1	-1	-1	-1	-1	-1	1480.074	1434.563	1398.929	1377.793	1258.207	1302.498	1346.67	1331.653	1313.103	1324.613	1310.513	1199.48	1207.3	1163.079	1166.246	1222.266	1180.42	1267.892	1279.247	1332.617	1276.696	1241.694	1191.051	1175.237	1170.604	1187.098	1184.991	1163.684	1163.854	1163.854	1163.684	1184.991	1187.098	1170.604	1175.237	1191.051	1241.694	1276.696	1332.617	1279.247	1267.892	1180.42	1222.266	1166.246	1163.079	1207.3	1199.48	1310.513	1324.613	1313.103	1331.653	1346.67	1302.498	1258.207	1377.793	1398.929	1434.563	1480.074	-1	-1	-1	-1	-1	-1	-1
40	-1	-1	-1	-1	-1	-1	-1	-1	-1	-1	-1	-1	-1	-1	-1	1290.13	-1	1202.37	1178.45	1179.831	1182.389	1143.229	1149.953	1163.725	1172.548	1163.076	1169.999	1177.765	1257.907	1289.039	1389.898	1449.486	1464.738	1473.053	1474.019	1473.182	1474.22	1476.99	1478.098	1478.098	1476.99	1474.22	1473.182	1474.019	1473.053	1464.738	1449.486	1389.898	1289.039	1257.907	1177.765	1169.999	1163.076	1172.548	1163.725	1149.953	1143.229	1182.389	1179.831	1178.45	1202.37	-1	1290.13	-1	-1	-1	-1	-1	-1	-1	-1	-1	-1	-1	-1
41	-1	-1	-1	-1	-1	-1	-1	-1	-1	-1	-1	-1	-1	-1	-1	1267.558	1274.797	1183.052	1223.276	1297.346	1291.799	1344.348	1396.088	1362.376	1327.037	1241.894	1208.184	1262.203	1259.012	1323.793	1328.75	1281.546	1437.116	1423.826	1427.384	1461.207	1459.655	1422.741	1415.696	1415.696	1422.741	1459.655	1461.207	1427.384	1423.826	1437.116	1281.546	1328.75	1323.793	1259.012	1262.203	1208.184	1241.894	1327.037	1362.376	1396.088	1344.348	1291.799	1297.346	1223.276	1183.052	1274.797	1267.558	-1	-1	-1	-1	-1	-1	-1	-1	-1	-1	-1	-1
42	-1	-1	-1	-1	-1	-1	-1	-1	-1	-1	-1	-1	-1	1367.41	1322.532	1183.026	1228.701	-1	1331.878	1280.06	1180.714	1176.919	1210.095	1202.721	1189.58	1181.891	1193.527	1197.973	1253.457	1271.022	1248.304	1241.622	1150.879	1169.179	1180.685	1186.688	1190.583	1192.118	1185.552	1185.552	1192.118	1190.583	1186.688	1180.685	1169.179	1150.879	1241.622	1248.304	1271.022	1253.457	1197.973	1193.527	1181.891	1189.58	1202.721	1210.095	1176.919	1180.714	1280.06	1331.878	-1	1228.701	1183.026	1322.532	1367.41	-1	-1	-1	-1	-1	-1	-1	-1	-1	-1
43	-1	-1	-1	-1	-1	-1	-1	-1	-1	-1	1393.27	-1	-1	-1	-1	-1	-1	-1	-1	1302.049	1245.154	1194.278	1197.832	1228.33	1252.122	1250.377	-1	-1	1129.279	1120.241	-1	1403.598	1256.568	1259.076	1257.956	1279.041	1279.099	1258.78	1260.439	1260.439	1258.78	1279.099	1279.041	1257.956	1259.076	1256.568	1403.598	-1	1120.241	1129.279	-1	-1	1250.377	1252.122	1228.33	1197.832	1194.278	1245.154	1302.049	-1	-1	-1	-1	-1	-1	-1	-1	1393.27	-1	-1	-1	-1	-1	-1	-1
44	-1	-1	-1	-1	-1	-1	-1	-1	-1	-1	-1	-1	-1	-1	-1	-1	-1	-1	-1	1362.335	1342.651	1188.824	1232.404	1188.819	1236.71	1224.839	1185.622	1164.223	1225.938	1206.606	1220.159	-1	1324.727	1332.41	1305.932	1277.392	1277.343	1307.625	1338.816	1338.816	1307.625	1277.343	1277.392	1305.932	1332.41	1324.727	-1	1220.159	1206.606	1225.938	1164.223	1185.622	1224.839	1236.71	1188.819	1232.404	1188.824	1342.651	1362.335	-1	-1	-1	-1	-1	-1	-1	-1	-1	-1	-1	-1	-1	-1	-1	-1
45	-1	-1	-1	-1	-1	-1	-1	-1	-1	-1	-1	-1	-1	-1	-1	-1	-1	1286.963	1193.53	1221.543	1227.651	1207.538	1177.869	1199.662	-1	-1	-1	-1	1164.045	1221.692	1190.47	1231.207	1228.377	1252.613	1275.571	1276.686	1279.359	1285.367	1269.367	1269.367	1285.367	1279.359	1276.686	1275.571	1252.613	1228.377	1231.207	1190.47	1221.692	1164.045	-1	-1	-1	-1	1199.662	1177.869	1207.538	1227.651	1221.543	1193.53	1286.963	-1	-1	-1	-1	-1	-1	-1	-1	-1	-1	-1	-1	-1	-1
