lateral	-38.5	-37.5	-36.5	-35.5	-34.5	-33.5	-32.5	-31.5	-30.5	-29.5	-28.5	-27.5	-26.5	-25.5	-24.5	-23.5	-22.5	-21.5	-20.5	-19.5	-18.5	-17.5	-16.5	-15.5	-14.5	-13.5	-12.5	-11.5	-10.5	-9.5	-8.5	-7.5	-6.5	-5.5	-4.5	-3.5	-2.5	-1.5	-0.5	0.5	1.5	2.5	3.5	4.5	5.5	6.5	7.5	8.5	9.5	10.5	11.5	12.5	13.5	14.5	15.5	16.5	17.5	18.5	19.5	20.5	21.5	22.5	23.5	24.5	25.5	26.5	27.5	28.5	29.5	30.5	31.5	32.5	33.5	34.5	35.5
DFB	mm	mm	mm	mm	mm	mm	mm	mm	mm	mm	mm	mm	mm	mm	mm	mm	mm	mm	mm	mm	mm	mm	mm	mm	mm	mm	mm	mm	mm	mm	mm	mm	mm	mm	mm	mm	mm	mm	mm	mm	mm	mm	mm	mm	mm	mm	mm	mm	mm	mm	mm	mm	mm	mm	mm	mm	mm	mm	mm	mm	mm	mm	mm	mm	mm	mm	mm	mm	mm	mm	mm	mm	mm	mm	mm
mm																																																																											
-5	1592.538	-1	-1	-1	-1	-1	-1	-1	-1	-1	-1	-1	-1	-1	-1	-1	-1	-1	-1	-1	-1	-1	-1	-1	-1	-1	-1	-1	-1	-1	-1	-1	-1	-1	-1	-1	-1	-1	-1	-1	-1	-1	-1	-1	-1	-1	-1	-1	-1	-1	-1	-1	-1	-1	-1	-1	-1	-1	-1	-1	-1	-1	-1	-1	-1	-1	-1	-1	-1	-1	-1	-1	-1	-1	-1
-4	1593.696	1359.079	-1	-1	-1	-1	-1	-1	-1	-1	-1	-1	-1	-1	1322.052	-1	-1	-1	-1	-1	-1	-1	-1	-1	-1	-1	582.071	747.389	-1	-1	1249.698	-1	-1	-1	-1	-1	-1	-1	-1	-1	-1	-1	-1	-1	-1	-1	-1	1249.698	-1	-1	747.389	582.071	-1	-1	-1	-1	-1	-1	-1	-1	-1	-1	-1	1322.052	-1	-1	-1	-1	-1	-1	-1	-1	-1	-1	-1
-3	1349.35	-1	-1	-1	-1	-1	-1	-1	-1	-1	-1	-1	-1	-1	-1	1121.225	1285.127	1417.888	-1	-1	-1	-1	-1	-1	-1	-1	-1	587.415	1047.101	788.38	-1	-1	-1	-1	-1	-1	-1	-1	-1	-1	-1	-1	-1	-1	-1	-1	-1	-1	788.38	1047.101	587.415	-1	-1	-1	-1	-1	-1	-1	-1	-1	1417.888	1285.127	1121.225	-1	-1	-1	-1	-1	-1	-1	-1	-1	-1	-1	-1
-2	1498.595	-1	-1	-1	-1	-1	-1	-1	-1	-1	-1	-1	-1	-1	-1	-1	-1	-1	-1	-1	-1	-1	-1	-1	-1	-1	-1	-1	-1	-1	-1	1649.955	-1	-1	-1	-1	-1	-1	-1	-1	-1	-1	-1	-1	-1	-1	1649.955	-1	-1	-1	-1	-1	-1	-1	-1	-1	-1	-1	-1	-1	-1	-1	-1	-1	-1	-1	-1	-1	-1	-1	-1	-1	-1	-1	-1
-1	1534.948	1510.616	-1	-1	-1	-1	-1	-1	-1	-1	-1	-1	-1	1240.434	1097.636	-1	-1	1277.51	-1	-1	-1	-1	-1	-1	-1	-1	-1	-1	780.263	1484.259	-1	1576.947	-1	-1	-1	-1	-1	-1	-1	-1	-1	-1	-1	-1	-1	-1	1576.947	-1	1484.259	780.263	-1	-1	-1	-1	-1	-1	-1	-1	-1	-1	1277.51	-1	-1	1097.636	1240.434	-1	-1	-1	-1	-1	-1	-1	-1	-1	-1
0	1535.415	-1	-1	-1	-1	-1	-1	-1	-1	-1	-1	-1	-1	-1	-1	1310.602	1413.756	1362.825	1330.349	1247.418	-1	1394.251	-1	-1	-1	-1	-1	-1	-1	-1	-1	-1	-1	-1	-1	-1	-1	-1	-1	-1	-1	-1	-1	-1	-1	-1	-1	-1	-1	-1	-1	-1	-1	-1	-1	-1	1394.251	-1	1247.418	1330.349	1362.825	1413.756	1310.602	-1	-1	-1	-1	-1	-1	-1	-1	-1	-1	-1	-1
1	1451.603	-1	-1	-1	-1	-1	-1	-1	-1	-1	-1	-1	1242.356	1029.172	1377.963	619.531	-1	-1	-1	-1	-1	-1	-1	1590.418	-1	1662.506	1634.965	1626.402	-1	-1	-1	1690.649	-1	-1	-1	-1	-1	-1	-1	-1	-1	-1	-1	-1	-1	-1	1690.649	-1	-1	-1	1626.402	1634.965	1662.506	-1	1590.418	-1	-1	-1	-1	-1	-1	-1	619.531	1377.963	1029.172	1242.356	-1	-1	-1	-1	-1	-1	-1	-1	-1
2	1464.034	-1	-1	-1	-1	-1	-1	-1	-1	-1	442.422	537.435	490.469	-1	467.511	1109.903	1566.323	1386.548	1593.901	1472.846	1654.971	1430.546	1637.434	1467.463	1709.972	1547.43	1701.077	1598.465	1816.752	1578.547	1808.573	1615.789	1873.999	1781.351	1767.004	1740.678	1730.835	1738.476	1734.206	1734.206	1738.476	1730.835	1740.678	1767.004	1781.351	1873.999	1615.789	1808.573	1578.547	1816.752	1598.465	1701.077	1547.43	1709.972	1467.463	1637.434	1430.546	1654.971	1472.846	1593.901	1386.548	1566.323	1109.903	467.511	-1	490.469	537.435	442.422	-1	-1	-1	-1	-1	-1	-1
3	1514.405	1419.164	1475.425	-1	-1	-1	-1	-1	-1	-1	1369.012	606.007	741.973	638.715	678.861	968.048	1130.347	1286.627	1475.218	1476.012	1572.371	1526.84	1654.044	1582.594	1628.887	1617.093	1648.053	1637.052	1729.125	1628.437	1686.101	1591.966	1718.957	1681.04	1678.038	1670.354	1665.994	1665.019	1659.386	1659.386	1665.019	1665.994	1670.354	1678.038	1681.04	1718.957	1591.966	1686.101	1628.437	1729.125	1637.052	1648.053	1617.093	1628.887	1582.594	1654.044	1526.84	1572.371	1476.012	1475.218	1286.627	1130.347	968.048	678.861	638.715	741.973	606.007	1369.012	-1	-1	-1	-1	-1	-1	-1
4	1556.347	-1	-1	-1	-1	-1	-1	-1	-1	1373.996	1030.808	916.783	1063.869	1149.547	1203.846	1271.034	1408.874	1459.789	1508.668	1532.842	1562.006	1601.03	1639.514	1607.294	1643.156	1611.05	1653.949	1659.395	1720.079	1662.72	1707.729	1678.409	1700.167	1706.707	1712.484	1718.073	1718.887	1714.87	1710.691	1710.691	1714.87	1718.887	1718.073	1712.484	1706.707	1700.167	1678.409	1707.729	1662.72	1720.079	1659.395	1653.949	1611.05	1643.156	1607.294	1639.514	1601.03	1562.006	1532.842	1508.668	1459.789	1408.874	1271.034	1203.846	1149.547	1063.869	916.783	1030.808	1373.996	-1	-1	-1	-1	-1	-1
5	1572.45	1428.66	1335.088	1280.902	1329.286	-1	-1	-1	-1	-1	1295.804	1187.789	1311.784	1257.742	1331.218	1356.107	1454.896	1476.311	1533.084	1559.895	1601.108	1628.627	1653.786	1671.918	1695.545	1696.116	1708.256	1685.521	1705.189	1675.993	1688.834	1677.084	1729.7	1721.599	1725.862	1728.315	1727.325	1722.896	1716.708	1716.708	1722.896	1727.325	1728.315	1725.862	1721.599	1729.7	1677.084	1688.834	1675.993	1705.189	1685.521	1708.256	1696.116	1695.545	1671.918	1653.786	1628.627	1601.108	1559.895	1533.084	1476.311	1454.896	1356.107	1331.218	1257.742	1311.784	1187.789	1295.804	-1	-1	-1	-1	-1	1329.286	1280.902
6	1455.058	1505.716	1547.393	-1	-1	-1	-1	-1	-1	1531.702	1407	1326.626	1295.902	1339.592	1427.787	1462.623	1501.013	1547.049	1582.764	1608.233	1642.508	1654.475	1684.274	1688.583	1706.895	1711.846	1726.351	1699.968	1726.186	1722.024	1707.054	1706.625	1727.667	1722.721	1721.994	1719.386	1718.786	1720.195	1719.722	1719.722	1720.195	1718.786	1719.386	1721.994	1722.721	1727.667	1706.625	1707.054	1722.024	1726.186	1699.968	1726.351	1711.846	1706.895	1688.583	1684.274	1654.475	1642.508	1608.233	1582.764	1547.049	1501.013	1462.623	1427.787	1339.592	1295.902	1326.626	1407	1531.702	-1	-1	-1	-1	-1	-1
7	1419.546	-1	-1	-1	-1	-1	-1	-1	1445.983	1477.816	1436.33	1381.315	1427.554	1443.749	1473.303	1517.279	1545.517	1577.41	1600.216	1626.62	1643.513	1670.356	1694.342	1706.364	1725.43	1747.573	1740.91	1743.198	1746.843	1759.32	1732.817	1756.294	1731.035	1735.33	1732.503	1728.912	1729.454	1734.134	1738.058	1738.058	1734.134	1729.454	1728.912	1732.503	1735.33	1731.035	1756.294	1732.817	1759.32	1746.843	1743.198	1740.91	1747.573	1725.43	1706.364	1694.342	1670.356	1643.513	1626.62	1600.216	1577.41	1545.517	1517.279	1473.303	1443.749	1427.554	1381.315	1436.33	1477.816	1445.983	-1	-1	-1	-1	-1
8	1281.833	-1	-1	-1	1552.759	1396.885	1300.369	1329.808	1265.762	1316.142	1442.11	1536.787	1500.21	1530.198	1546.836	1591.771	1596.944	1633.624	1623.437	1676.468	1694.402	1759.312	1783.403	1834.24	1810.772	1908.418	1803.769	1806.323	1778.73	1791.646	1658.88	1799.601	1704.887	1728.853	1730.246	1734.965	1737.834	1738.958	1743.57	1743.57	1738.958	1737.834	1734.965	1730.246	1728.853	1704.887	1799.601	1658.88	1791.646	1778.73	1806.323	1803.769	1908.418	1810.772	1834.24	1783.403	1759.312	1694.402	1676.468	1623.437	1633.624	1596.944	1591.771	1546.836	1530.198	1500.21	1536.787	1442.11	1316.142	1265.762	1329.808	1300.369	1396.885	1552.759	-1
9	1432.947	-1	1511.715	1376.708	1299.909	1339.281	1320.341	1243.784	1404.649	1491.379	1533.997	1558.636	1533.487	1558.162	1565.901	1608.319	1635.923	1716.893	1709.355	1804.909	1791.364	1997.903	1989.135	-1	-1	-1	1961.393	1978.835	1846.198	1844.587	1687.988	1803.595	1704.934	1734.694	1754.762	1782.161	1785.377	1764.696	1751.993	1751.993	1764.696	1785.377	1782.161	1754.762	1734.694	1704.934	1803.595	1687.988	1844.587	1846.198	1978.835	1961.393	-1	-1	-1	1989.135	1997.903	1791.364	1804.909	1709.355	1716.893	1635.923	1608.319	1565.901	1558.162	1533.487	1558.636	1533.997	1491.379	1404.649	1243.784	1320.341	1339.281	1299.909	1376.708
10	1380.494	-1	-1	1580.049	1453.548	1319.155	1348.356	1368.357	1397.868	1445.948	1491.58	1531.513	1558.514	1648.123	1728.609	-1	-1	-1	-1	-1	-1	-1	-1	-1	-1	-1	-1	-1	-1	-1	1728.031	1970.679	1955.007	2054.813	-1	-1	-1	-1	-1	-1	-1	-1	-1	-1	2054.813	1955.007	1970.679	1728.031	-1	-1	-1	-1	-1	-1	-1	-1	-1	-1	-1	-1	-1	-1	-1	1728.609	1648.123	1558.514	1531.513	1491.58	1445.948	1397.868	1368.357	1348.356	1319.155	1453.548	1580.049
11	1406.278	-1	1470.308	1470.678	1473.432	1501.956	1529.239	1528.71	1511.976	1490.776	1468.181	1534.628	1593.901	1661.733	1748.781	-1	-1	-1	-1	-1	-1	-1	-1	-1	-1	-1	-1	-1	-1	-1	-1	-1	-1	-1	-1	-1	-1	-1	-1	-1	-1	-1	-1	-1	-1	-1	-1	-1	-1	-1	-1	-1	-1	-1	-1	-1	-1	-1	-1	-1	-1	-1	-1	1748.781	1661.733	1593.901	1534.628	1468.181	1490.776	1511.976	1528.71	1529.239	1501.956	1473.432	1470.678
12	1329.772	-1	-1	1547.801	1441.778	1396.181	1417.353	1457.625	1446.765	1473.181	1564.846	1608.171	1681.347	-1	-1	-1	-1	-1	-1	-1	-1	-1	-1	-1	-1	-1	-1	-1	-1	-1	1757.45	-1	-1	-1	-1	-1	-1	-1	-1	-1	-1	-1	-1	-1	-1	-1	-1	1757.45	-1	-1	-1	-1	-1	-1	-1	-1	-1	-1	-1	-1	-1	-1	-1	-1	-1	1681.347	1608.171	1564.846	1473.181	1446.765	1457.625	1417.353	1396.181	1441.778	1547.801
13	1354.656	1458.054	1366.068	1414.902	1450.963	1521.959	1543.415	1509.896	1545.078	1561.793	1500.44	1572.909	1671.908	-1	-1	-1	-1	-1	-1	-1	-1	-1	-1	-1	-1	-1	-1	-1	-1	-1	-1	-1	-1	-1	-1	-1	-1	-1	-1	-1	-1	-1	-1	-1	-1	-1	-1	-1	-1	-1	-1	-1	-1	-1	-1	-1	-1	-1	-1	-1	-1	-1	-1	-1	-1	1671.908	1572.909	1500.44	1561.793	1545.078	1509.896	1543.415	1521.959	1450.963	1414.902
14	1476.782	1256.796	1364.23	1370.101	1410.831	1467.348	1494.035	1531.24	1463.432	1468.991	1567.749	1645.152	-1	-1	-1	-1	-1	-1	-1	-1	-1	-1	-1	-1	-1	-1	-1	-1	-1	-1	-1	-1	-1	-1	-1	-1	-1	-1	-1	-1	-1	-1	-1	-1	-1	-1	-1	-1	-1	-1	-1	-1	-1	-1	-1	-1	-1	-1	-1	-1	-1	-1	-1	-1	-1	-1	1645.152	1567.749	1468.991	1463.432	1531.24	1494.035	1467.348	1410.831	1370.101
15	1358.009	1428.76	1408.508	1414.278	1422.195	1444.399	1466.549	1536.215	1594.165	1571.513	1723.156	-1	-1	-1	-1	-1	-1	-1	1619.508	-1	-1	-1	-1	-1	-1	-1	-1	-1	-1	-1	1671.221	-1	-1	-1	-1	-1	-1	-1	-1	-1	-1	-1	-1	-1	-1	-1	-1	1671.221	-1	-1	-1	-1	-1	-1	-1	-1	-1	-1	-1	1619.508	-1	-1	-1	-1	-1	-1	-1	1723.156	1571.513	1594.165	1536.215	1466.549	1444.399	1422.195	1414.278
16	1375.176	1358.777	1391.161	1427.906	1458.457	1493.896	1514.571	1538.886	1491.711	1562.035	1647.134	-1	-1	-1	-1	-1	-1	-1	-1	-1	-1	-1	-1	-1	-1	-1	-1	-1	-1	-1	-1	-1	-1	-1	-1	-1	-1	-1	-1	-1	-1	-1	-1	-1	-1	-1	-1	-1	-1	-1	-1	-1	-1	-1	-1	-1	-1	-1	-1	-1	-1	-1	-1	-1	-1	-1	-1	1647.134	1562.035	1491.711	1538.886	1514.571	1493.896	1458.457	1427.906
17	1225.454	1342.508	1382.372	1449.976	1526.111	1616.005	1711.657	1614.833	-1	-1	-1	-1	-1	-1	451.615	-1	-1	-1	-1	-1	-1	-1	-1	-1	-1	-1	-1	-1	-1	-1	-1	-1	-1	-1	-1	-1	-1	-1	-1	-1	-1	-1	-1	-1	-1	-1	-1	-1	-1	-1	-1	-1	-1	-1	-1	-1	-1	-1	-1	-1	-1	-1	-1	451.615	-1	-1	-1	-1	-1	-1	1614.833	1711.657	1616.005	1526.111	1449.976
18	1381.537	1426.168	1438.32	1480.132	1512.118	1573.289	1622.32	1505.416	-1	-1	-1	-1	-1	-1	-1	-1	-1	-1	-1	-1	-1	-1	-1	-1	-1	-1	-1	-1	-1	-1	-1	-1	-1	-1	-1	-1	-1	1626.807	1559.529	1559.529	1626.807	-1	-1	-1	-1	-1	-1	-1	-1	-1	-1	-1	-1	-1	-1	-1	-1	-1	-1	-1	-1	-1	-1	-1	-1	-1	-1	-1	-1	-1	1505.416	1622.32	1573.289	1512.118	1480.132
19	1199.544	-1	-1	-1	-1	-1	-1	-1	-1	-1	-1	-1	-1	-1	462.397	-1	-1	-1	-1	-1	-1	-1	1582.802	-1	-1	-1	-1	-1	-1	-1	-1	-1	-1	-1	-1	-1	-1	-1	-1	-1	-1	-1	-1	-1	-1	-1	-1	-1	-1	-1	-1	-1	-1	-1	-1	1582.802	-1	-1	-1	-1	-1	-1	-1	462.397	-1	-1	-1	-1	-1	-1	-1	-1	-1	-1	-1
20	1199.254	-1	-1	-1	-1	-1	-1	-1	-1	-1	-1	-1	-1	-1	-1	1345.485	-1	1307.957	-1	-1	-1	-1	-1	-1	-1	-1	-1	-1	-1	-1	-1	-1	-1	-1	-1	-1	-1	-1	-1	-1	-1	-1	-1	-1	-1	-1	-1	-1	-1	-1	-1	-1	-1	-1	-1	-1	-1	-1	-1	-1	1307.957	-1	1345.485	-1	-1	-1	-1	-1	-1	-1	-1	-1	-1	-1	-1
21	1558.32	-1	-1	-1	-1	-1	-1	-1	-1	-1	-1	-1	-1	-1	-1	-1	-1	-1	-1	-1	1511.984	-1	-1	-1	-1	-1	-1	-1	-1	-1	-1	-1	-1	-1	-1	-1	-1	-1	-1	-1	-1	-1	-1	-1	-1	-1	-1	-1	-1	-1	-1	-1	-1	-1	-1	-1	-1	1511.984	-1	-1	-1	-1	-1	-1	-1	-1	-1	-1	-1	-1	-1	-1	-1	-1	-1
22	1295.279	-1	-1	-1	-1	-1	-1	-1	-1	-1	-1	-1	-1	-1	-1	-1	-1	-1	681.665	-1	-1	-1	-1	-1	-1	-1	-1	-1	-1	-1	-1	-1	-1	-1	-1	-1	-1	-1	-1	-1	-1	-1	-1	-1	-1	-1	-1	-1	-1	-1	-1	-1	-1	-1	-1	-1	-1	-1	-1	681.665	-1	-1	-1	-1	-1	-1	-1	-1	-1	-1	-1	-1	-1	-1	-1
23	1521.08	-1	-1	-1	-1	-1	-1	-1	-1	-1	-1	-1	-1	-1	-1	-1	-1	-1	-1	-1	-1	-1	-1	-1	-1	-1	-1	-1	-1	-1	-1	-1	-1	-1	-1	-1	-1	-1	-1	-1	-1	-1	-1	-1	-1	-1	-1	-1	-1	-1	-1	-1	-1	-1	-1	-1	-1	-1	-1	-1	-1	-1	-1	-1	-1	-1	-1	-1	-1	-1	-1	-1	-1	-1	-1
24	1382.199	-1	-1	-1	-1	-1	-1	-1	-1	-1	-1	-1	-1	-1	-1	-1	-1	-1	-1	-1	-1	-1	-1	-1	-1	-1	-1	-1	-1	-1	-1	-1	-1	-1	-1	-1	-1	-1	-1	-1	-1	-1	-1	-1	-1	-1	-1	-1	-1	-1	-1	-1	-1	-1	-1	-1	-1	-1	-1	-1	-1	-1	-1	-1	-1	-1	-1	-1	-1	-1	-1	-1	-1	-1	-1
25	1496.522	-1	-1	-1	-1	-1	-1	-1	-1	-1	-1	-1	-1	-1	-1	-1	-1	-1	1312.898	1403.047	1491.014	-1	-1	-1	-1	-1	-1	-1	-1	-1	-1	-1	-1	-1	-1	-1	-1	-1	-1	-1	-1	-1	-1	-1	-1	-1	-1	-1	-1	-1	-1	-1	-1	-1	-1	-1	-1	1491.014	1403.047	1312.898	-1	-1	-1	-1	-1	-1	-1	-1	-1	-1	-1	-1	-1	-1	-1
26	1416.408	-1	-1	-1	-1	-1	-1	-1	-1	-1	-1	-1	-1	-1	-1	-1	-1	-1	-1	1372.223	-1	-1	-1	-1	-1	-1	-1	-1	-1	-1	-1	-1	-1	-1	-1	-1	-1	-1	-1	-1	-1	-1	-1	-1	-1	-1	-1	-1	-1	-1	-1	-1	-1	-1	-1	-1	-1	-1	1372.223	-1	-1	-1	-1	-1	-1	-1	-1	-1	-1	-1	-1	-1	-1	-1	-1
27	1447.566	-1	-1	-1	-1	-1	-1	-1	-1	-1	-1	-1	-1	-1	-1	-1	-1	-1	-1	-1	-1	-1	-1	-1	-1	-1	-1	-1	-1	-1	-1	-1	-1	-1	-1	-1	-1	-1	-1	-1	-1	-1	-1	-1	-1	-1	-1	-1	-1	-1	-1	-1	-1	-1	-1	-1	-1	-1	-1	-1	-1	-1	-1	-1	-1	-1	-1	-1	-1	-1	-1	-1	-1	-1	-1
28	1597.303	-1	-1	-1	-1	-1	-1	-1	-1	-1	-1	-1	-1	-1	-1	-1	-1	-1	-1	-1	1447.832	-1	-1	-1	-1	-1	-1	-1	-1	-1	-1	-1	-1	-1	-1	-1	-1	-1	-1	-1	-1	-1	-1	-1	-1	-1	-1	-1	-1	-1	-1	-1	-1	-1	-1	-1	-1	1447.832	-1	-1	-1	-1	-1	-1	-1	-1	-1	-1	-1	-1	-1	-1	-1	-1	-1
29	1354.056	-1	-1	-1	-1	-1	-1	1481.907	-1	-1	-1	-1	-1	-1	-1	-1	-1	-1	-1	-1	-1	-1	-1	-1	-1	-1	-1	-1	-1	-1	-1	-1	-1	-1	-1	-1	-1	-1	-1	-1	-1	-1	-1	-1	-1	-1	-1	-1	-1	-1	-1	-1	-1	-1	-1	-1	-1	-1	-1	-1	-1	-1	-1	-1	-1	-1	-1	-1	-1	-1	1481.907	-1	-1	-1	-1
30	1451.489	-1	-1	-1	-1	-1	-1	-1	-1	-1	1426.952	-1	-1	-1	-1	-1	-1	-1	-1	-1	-1	-1	-1	-1	-1	-1	-1	-1	-1	-1	-1	-1	-1	-1	-1	-1	-1	-1	-1	-1	-1	-1	-1	-1	-1	-1	-1	-1	-1	-1	-1	-1	-1	-1	-1	-1	-1	-1	-1	-1	-1	-1	-1	-1	-1	-1	-1	1426.952	-1	-1	-1	-1	-1	-1	-1
31	1401.911	-1	-1	-1	-1	-1	-1	-1	-1	-1	-1	-1	-1	-1	-1	-1	-1	-1	-1	-1	-1	-1	1376.117	1290.294	-1	-1	-1	-1	-1	-1	-1	-1	-1	-1	-1	-1	-1	-1	-1	-1	-1	-1	-1	-1	-1	-1	-1	-1	-1	-1	-1	-1	-1	-1	1290.294	1376.117	-1	-1	-1	-1	-1	-1	-1	-1	-1	-1	-1	-1	-1	-1	-1	-1	-1	-1	-1
32	1401.692	-1	-1	-1	-1	-1	-1	-1	-1	-1	-1	-1	-1	-1	-1	-1	-1	-1	-1	-1	-1	-1	-1	-1	-1	-1	-1	-1	-1	1288.886	-1	-1	-1	-1	-1	-1	-1	-1	-1	-1	-1	-1	-1	-1	-1	-1	-1	-1	1288.886	-1	-1	-1	-1	-1	-1	-1	-1	-1	-1	-1	-1	-1	-1	-1	-1	-1	-1	-1	-1	-1	-1	-1	-1	-1	-1
33	1529.295	-1	-1	-1	-1	-1	-1	-1	-1	-1	-1	-1	-1	-1	-1	-1	-1	-1	-1	1416.36	1325.02	1364.67	-1	-1	-1	-1	-1	-1	-1	-1	-1	-1	-1	-1	-1	-1	-1	-1	-1	-1	-1	-1	-1	-1	-1	-1	-1	-1	-1	-1	-1	-1	-1	-1	-1	-1	1364.67	1325.02	1416.36	-1	-1	-1	-1	-1	-1	-1	-1	-1	-1	-1	-1	-1	-1	-1	-1
34	-1	-1	-1	-1	-1	-1	-1	-1	-1	-1	1330.144	1290.627	-1	-1	-1	-1	-1	-1	-1	-1	-1	-1	-1	-1	-1	-1	1476.428	1413.248	-1	1432.64	-1	-1	-1	-1	-1	-1	-1	-1	-1	-1	-1	-1	-1	-1	-1	-1	-1	-1	1432.64	-1	1413.248	1476.428	-1	-1	-1	-1	-1	-1	-1	-1	-1	-1	-1	-1	-1	-1	1290.627	1330.144	-1	-1	-1	-1	-1	-1	-1
35	1384.706	-1	-1	-1	-1	-1	-1	-1	-1	-1	-1	-1	-1	-1	-1	-1	-1	-1	-1	-1	-1	-1	-1	-1	-1	-1	-1	-1	1557.675	1489.738	1503.69	-1	-1	-1	-1	-1	-1	-1	-1	-1	-1	-1	-1	-1	-1	-1	-1	1503.69	1489.738	1557.675	-1	-1	-1	-1	-1	-1	-1	-1	-1	-1	-1	-1	-1	-1	-1	-1	-1	-1	-1	-1	-1	-1	-1	-1	-1
36	1369.223	-1	-1	-1	-1	-1	-1	-1	-1	-1	-1	-1	-1	1396.409	-1	-1	-1	-1	-1	-1	-1	-1	-1	-1	-1	-1	1317.529	1356.855	480.912	1083.912	1192.622	1334.075	-1	-1	-1	-1	-1	-1	-1	-1	-1	-1	-1	-1	-1	-1	1334.075	1192.622	1083.912	480.912	1356.855	1317.529	-1	-1	-1	-1	-1	-1	-1	-1	-1	-1	-1	-1	1396.409	-1	-1	-1	-1	-1	-1	-1	-1	-1	-1
37	1381.5	-1	-1	-1	-1	-1	-1	-1	-1	-1	-1	-1	-1	-1	-1	-1	-1	-1	-1	-1	-1	-1	-1	-1	-1	-1	-1	-1	-1	-1	-1	-1	-1	-1	-1	-1	-1	-1	-1	-1	-1	-1	-1	-1	-1	-1	-1	-1	-1	-1	-1	-1	-1	-1	-1	-1	-1	-1	-1	-1	-1	-1	-1	-1	-1	-1	-1	-1	-1	-1	-1	-1	-1	-1	-1
38	1348.469	-1	-1	-1	-1	-1	-1	-1	-1	-1	-1	-1	-1	489.812	815.653	-1	-1	-1	-1	-1	1556.318	-1	-1	-1	-1	-1	-1	-1	-1	1101.076	1168.443	1417.602	-1	-1	-1	-1	-1	-1	-1	-1	-1	-1	-1	-1	-1	-1	1417.602	1168.443	1101.076	-1	-1	-1	-1	-1	-1	-1	-1	1556.318	-1	-1	-1	-1	-1	815.653	489.812	-1	-1	-1	-1	-1	-1	-1	-1	-1	-1
39	1544.524	-1	-1	-1	-1	-1	-1	-1	-1	-1	-1	-1	-1	-1	-1	-1	536.805	1262.56	1167.725	1199.297	-1	-1	-1	-1	-1	-1	-1	-1	-1	-1	-1	-1	1406.323	1446.551	1465.84	-1	-1	1475.548	1464.821	1464.821	1475.548	-1	-1	1465.84	1446.551	1406.323	-1	-1	-1	-1	-1	-1	-1	-1	-1	-1	-1	-1	1199.297	1167.725	1262.56	536.805	-1	-1	-1	-1	-1	-1	-1	-1	-1	-1	-1	-1	-1
40	1471.388	-1	-1	-1	-1	-1	-1	-1	-1	-1	-1	-1	-1	1347.882	613.27	-1	-1	-1	-1	-1	-1	-1	-1	-1	-1	-1	-1	681.722	1218.332	1253.819	1107.656	1211.667	1167.433	1167.62	1152.99	1130.318	1130.325	1153.032	1167.716	1167.716	1153.032	1130.325	1130.318	1152.99	1167.62	1167.433	1211.667	1107.656	1253.819	1218.332	681.722	-1	-1	-1	-1	-1	-1	-1	-1	-1	-1	-1	-1	613.27	1347.882	-1	-1	-1	-1	-1	-1	-1	-1	-1	-1
41	1540.869	-1	-1	-1	-1	-1	-1	-1	-1	-1	-1	-1	-1	-1	-1	-1	-1	-1	-1	-1	1464.151	1324.062	1311.927	1216.525	1410.625	1408.394	-1	-1	-1	-1	-1	1548.23	1319.006	1311.373	1299.986	1280.797	1279.647	1297.083	1306.596	1306.596	1297.083	1279.647	1280.797	1299.986	1311.373	1319.006	1548.23	-1	-1	-1	-1	-1	1408.394	1410.625	1216.525	1311.927	1324.062	1464.151	-1	-1	-1	-1	-1	-1	-1	-1	-1	-1	-1	-1	-1	-1	-1	-1	-1
42	1462.59	-1	-1	-1	-1	-1	-1	-1	-1	-1	-1	-1	-1	1300.794	-1	-1	-1	1194.471	1315.165	1217.266	1278.171	1401.245	-1	-1	-1	-1	-1	-1	-1	-1	-1	1382.079	-1	-1	-1	-1	-1	-1	-1	-1	-1	-1	-1	-1	-1	-1	1382.079	-1	-1	-1	-1	-1	-1	-1	-1	-1	1401.245	1278.171	1217.266	1315.165	1194.471	-1	-1	-1	1300.794	-1	-1	-1	-1	-1	-1	-1	-1	-1	-1
43	1354.739	-1	-1	-1	-1	-1	-1	-1	-1	-1	-1	-1	-1	-1	-1	-1	-1	-1	-1	-1	1132.66	1142.026	-1	-1	-1	753.117	-1	-1	-1	1361.091	1401.571	1461.662	-1	-1	-1	-1	-1	-1	-1	-1	-1	-1	-1	-1	-1	-1	1461.662	1401.571	1361.091	-1	-1	-1	753.117	-1	-1	-1	1142.026	1132.66	-1	-1	-1	-1	-1	-1	-1	-1	-1	-1	-1	-1	-1	-1	-1	-1	-1
44	1577.047	-1	-1	-1	-1	-1	-1	-1	-1	-1	-1	-1	-1	-1	-1	-1	1220.442	-1	-1	-1	-1	1467.703	-1	1522.999	-1	1370.679	-1	-1	-1	-1	898.131	1015.373	1073.376	1206.107	1350.564	1384.798	1382.743	1349.501	1238.831	1238.831	1349.501	1382.743	1384.798	1350.564	1206.107	1073.376	1015.373	898.131	-1	-1	-1	-1	1370.679	-1	1522.999	-1	1467.703	-1	-1	-1	-1	1220.442	-1	-1	-1	-1	-1	-1	-1	-1	-1	-1	-1	-1	-1
45	1615.62	1360.43	1392.308	-1	-1	-1	-1	-1	-1	-1	-1	-1	-1	1296.072	1376.381	1253.603	1270.665	1339.869	1178.797	1147.112	1136.504	-1	-1	-1	-1	-1	-1	-1	-1	-1	-1	-1	-1	-1	-1	-1	-1	-1	-1	-1	-1	-1	-1	-1	-1	-1	-1	-1	-1	-1	-1	-1	-1	-1	-1	-1	-1	1136.504	1147.112	1178.797	1339.869	1270.665	1253.603	1376.381	1296.072	-1	-1	-1	-1	-1	-1	-1	-1	-1	-1
