lateral	-38.5	-37.5	-36.5	-35.5	-34.5	-33.5	-32.5	-31.5	-30.5	-29.5	-28.5	-27.5	-26.5	-25.5	-24.5	-23.5	-22.5	-21.5	-20.5	-19.5	-18.5	-17.5	-16.5	-15.5	-14.5	-13.5	-12.5	-11.5	-10.5	-9.5	-8.5	-7.5	-6.5	-5.5	-4.5	-3.5	-2.5	-1.5	-0.5	0.5	1.5	2.5	3.5	4.5	5.5	6.5	7.5	8.5	9.5	10.5	11.5	12.5	13.5	14.5	15.5	16.5	17.5	18.5	19.5	20.5	21.5	22.5	23.5	24.5	25.5	26.5	27.5	28.5	29.5	30.5	31.5	32.5	33.5	34.5	35.5
DFB	mm	mm	mm	mm	mm	mm	mm	mm	mm	mm	mm	mm	mm	mm	mm	mm	mm	mm	mm	mm	mm	mm	mm	mm	mm	mm	mm	mm	mm	mm	mm	mm	mm	mm	mm	mm	mm	mm	mm	mm	mm	mm	mm	mm	mm	mm	mm	mm	mm	mm	mm	mm	mm	mm	mm	mm	mm	mm	mm	mm	mm	mm	mm	mm	mm	mm	mm	mm	mm	mm	mm	mm	mm	mm	mm
mm																																																																											
-5	1803.936	1666.772	1636.939	1642.452	1672.48	1743.331	1804.004	-1	2070.372	1982.382	1993.186	1674.263	1979.931	1602.328	1513.201	1354.208	1502.76	1650.824	1637.182	1639.099	1833.306	1919.613	1832.933	1850.77	1964.517	1658.061	1805.289	1688.835	1756.266	1697.084	1670.06	1671.096	-1	1682.851	1598.512	1510.85	1495.903	1546.854	1585.473	1585.473	1546.854	1495.903	1510.85	1598.512	1682.851	-1	1671.096	1670.06	1697.084	1756.266	1688.835	1805.289	1658.061	1964.517	1850.77	1832.933	1919.613	1833.306	1639.099	1637.182	1650.824	1502.76	1354.208	1513.201	1602.328	1979.931	1674.263	1993.186	1982.382	2070.372	-1	1804.004	1743.331	1672.48	1642.452
-4	1568.882	1647.575	1691.798	1668.547	1639.865	1669.582	1655.395	1435.761	1134.037	1321.23	1256.776	1533.584	1786.963	1544.672	1659.588	1770.083	1627.815	1894.631	1708.887	1846.002	1937.837	1807.875	-1	1993.657	1772.835	1799.143	1928.668	1878.2	1644.634	1631.626	1503.472	1441.53	1197.051	1321.074	1411.124	1494.438	1503.956	1443.966	1384.331	1384.331	1443.966	1503.956	1494.438	1411.124	1321.074	1197.051	1441.53	1503.472	1631.626	1644.634	1878.2	1928.668	1799.143	1772.835	1993.657	-1	1807.875	1937.837	1846.002	1708.887	1894.631	1627.815	1770.083	1659.588	1544.672	1786.963	1533.584	1256.776	1321.23	1134.037	1435.761	1655.395	1669.582	1639.865	1668.547
-3	1871.848	1574.137	1643.549	1699.918	1756.742	1792.956	1795.128	1876.546	1714.603	1593.52	1548.964	1509	1627.244	1548.746	1456.746	1367.587	1556.123	1402.798	1539.605	1269.126	1328.562	1041.915	1589.261	1530.721	1462.189	1604.499	1727.88	1637.149	1672.411	1771.726	1814.587	1771.236	1934.729	1921.085	1920.416	1937.015	1935.189	1915.35	1912.946	1912.946	1915.35	1935.189	1937.015	1920.416	1921.085	1934.729	1771.236	1814.587	1771.726	1672.411	1637.149	1727.88	1604.499	1462.189	1530.721	1589.261	1041.915	1328.562	1269.126	1539.605	1402.798	1556.123	1367.587	1456.746	1548.746	1627.244	1509	1548.964	1593.52	1714.603	1876.546	1795.128	1792.956	1756.742	1699.918
-2	1579.26	1789.788	1807.837	1818.159	1791.549	1745.971	1727.228	1734.314	1796.393	1777.576	1564.97	1585.414	1584.5	1391.185	1316.976	1372.895	1392.082	1166.178	1370.173	1669.128	1778.43	1850.881	1781.636	1891.062	1751.454	-1	-1	-1	-1	-1	-1	1940.247	1768.833	1697.746	1656.87	1624.442	1612.113	1628.508	1654.407	1654.407	1628.508	1612.113	1624.442	1656.87	1697.746	1768.833	1940.247	-1	-1	-1	-1	-1	-1	1751.454	1891.062	1781.636	1850.881	1778.43	1669.128	1370.173	1166.178	1392.082	1372.895	1316.976	1391.185	1584.5	1585.414	1564.97	1777.576	1796.393	1734.314	1727.228	1745.971	1791.549	1818.159
-1	2016.938	1370.55	1475.482	1564.919	1663.987	1763.536	1811.67	1777.929	1813.969	1512.961	1688.053	1241.636	1201.199	1101.782	891.727	1167.327	1301.157	1196.021	1028.842	1275.573	1654.756	1890.391	-1	-1	1692.542	-1	-1	1728.149	1828.026	1832.414	2014.453	2102.325	-1	-1	1992.829	-1	-1	1978.654	-1	-1	1978.654	-1	-1	1992.829	-1	-1	2102.325	2014.453	1832.414	1828.026	1728.149	-1	-1	1692.542	-1	-1	1890.391	1654.756	1275.573	1028.842	1196.021	1301.157	1167.327	891.727	1101.782	1201.199	1241.636	1688.053	1512.961	1813.969	1777.929	1811.67	1763.536	1663.987	1564.919
0	1426.33	1541.717	1559.298	1604.466	1620.868	1630.054	1646.985	1757.444	1721.132	1602.609	1731.377	1705.52	1394.89	1142.566	1049.971	1040.444	1006.697	1060.855	1267.824	1450.182	1822.788	1699.031	-1	-1	-1	-1	-1	-1	-1	2059.674	2201.787	2214.781	-1	2177.135	2125.547	2031.396	2023.232	2099.336	2128.843	2128.843	2099.336	2023.232	2031.396	2125.547	2177.135	-1	2214.781	2201.787	2059.674	-1	-1	-1	-1	-1	-1	-1	1699.031	1822.788	1450.182	1267.824	1060.855	1006.697	1040.444	1049.971	1142.566	1394.89	1705.52	1731.377	1602.609	1721.132	1757.444	1646.985	1630.054	1620.868	1604.466
1	1186.327	1439.844	1531.364	1661.224	1705.997	1720.244	1715.848	1812.119	1867.899	1822.4	1952.82	1317.73	1409.648	1271.882	1068.16	1233.164	1132.242	1104.824	1244.641	1305.572	1284.242	1966.249	-1	1134.062	-1	-1	-1	-1	-1	-1	2046.923	1951.174	1931.417	2020.857	2019.606	1973.068	1982.342	2043.558	2061.824	2061.824	2043.558	1982.342	1973.068	2019.606	2020.857	1931.417	1951.174	2046.923	-1	-1	-1	-1	-1	-1	1134.062	-1	1966.249	1284.242	1305.572	1244.641	1104.824	1132.242	1233.164	1068.16	1271.882	1409.648	1317.73	1952.82	1822.4	1867.899	1812.119	1715.848	1720.244	1705.997	1661.224
2	1804.472	932.885	1109.644	1138.303	1197.142	1261.295	1339.462	1550.67	1095.29	959.424	1477.92	1493.071	1247.481	1078.631	1033.096	1007.137	1004.035	932.746	931.29	732.687	822.124	919.963	1023.526	1420.3	1389.539	1593.781	1583.028	1139.64	1553.578	1467.021	1407.797	1508.491	1188.864	1520.847	1657.839	1774.114	1806.193	1768.215	1720.708	1720.708	1768.215	1806.193	1774.114	1657.839	1520.847	1188.864	1508.491	1407.797	1467.021	1553.578	1139.64	1583.028	1593.781	1389.539	1420.3	1023.526	919.963	822.124	732.687	931.29	932.746	1004.035	1007.137	1033.096	1078.631	1247.481	1493.071	1477.92	959.424	1095.29	1550.67	1339.462	1261.295	1197.142	1138.303
3	1264.715	1206.7	1300.553	1290.846	1200.158	1205.563	1214.393	1432.245	1489.182	1191.204	1533.69	1483.205	1179.655	918.958	901.607	900.384	895.875	892.9	891.885	950.181	915.27	1035.987	1142.672	1215.162	1379.069	1373.58	1410.936	1439.834	1325.013	1177.963	1286.03	1406.328	1305.811	1618.27	1770.576	1858.422	1894.708	1877.71	1802.604	1802.604	1877.71	1894.708	1858.422	1770.576	1618.27	1305.811	1406.328	1286.03	1177.963	1325.013	1439.834	1410.936	1373.58	1379.069	1215.162	1142.672	1035.987	915.27	950.181	891.885	892.9	895.875	900.384	901.607	918.958	1179.655	1483.205	1533.69	1191.204	1489.182	1432.245	1214.393	1205.563	1200.158	1290.846
4	919.421	1258.275	1216.734	1222.439	1155.284	1053.54	954.494	816.696	634.556	864.115	1145.424	1107.913	1085.083	952.253	892.171	929.989	965.98	959.944	933.924	986.11	970.753	1030.386	1131.529	1140.26	1335.109	1408.467	1619.504	1531.961	1694.335	1394.543	1526.939	1493.238	1398.115	1412.734	1435.888	1487.867	1488.816	1440.099	1420.909	1420.909	1440.099	1488.816	1487.867	1435.888	1412.734	1398.115	1493.238	1526.939	1394.543	1694.335	1531.961	1619.504	1408.467	1335.109	1140.26	1131.529	1030.386	970.753	986.11	933.924	959.944	965.98	929.989	892.171	952.253	1085.083	1107.913	1145.424	864.115	634.556	816.696	954.494	1053.54	1155.284	1222.439
5	1264.482	883.516	896.413	886.359	892.458	918.514	965.523	1011.306	896.522	1024.299	998.631	1016.451	1016.319	940.573	932.968	971.174	977.686	997.968	1048.103	1033.443	1074.13	1147.588	1203.91	1229.838	1541.22	1367.282	1455.413	1456.031	1500.263	1496.244	1558.623	1541.897	1628.548	1641.094	1656.267	1667.084	1667.954	1659.447	1647.696	1647.696	1659.447	1667.954	1667.084	1656.267	1641.094	1628.548	1541.897	1558.623	1496.244	1500.263	1456.031	1455.413	1367.282	1541.22	1229.838	1203.91	1147.588	1074.13	1033.443	1048.103	997.968	977.686	971.174	932.968	940.573	1016.319	1016.451	998.631	1024.299	896.522	1011.306	965.523	918.514	892.458	886.359
6	989.887	975.212	987.142	1020.97	1039.296	1051.157	1050.252	957.791	940.918	978.783	1031.795	1023.629	1096.862	1001.03	1060.571	1062.637	1053.694	1073.355	1094.026	1057.255	1137.022	1122.213	1301.816	1346.288	1469.621	1474.247	1551.61	1547.473	1587.116	1606.696	1641.524	1631.163	1675.307	1683.064	1692.492	1700.254	1700.951	1694.811	1687.43	1687.43	1694.811	1700.951	1700.254	1692.492	1683.064	1675.307	1631.163	1641.524	1606.696	1587.116	1547.473	1551.61	1474.247	1469.621	1346.288	1301.816	1122.213	1137.022	1057.255	1094.026	1073.355	1053.694	1062.637	1060.571	1001.03	1096.862	1023.629	1031.795	978.783	940.918	957.791	1050.252	1051.157	1039.296	1020.97
7	939.961	961.351	961.817	964.619	958.793	957.984	963.732	997.086	980.062	994.036	1062.69	1096.793	1058.966	1056.865	1050.639	1102.47	1091.339	1152.486	1185.012	1202.594	1269.186	1292.473	1386.955	1433.945	1498.801	1542.468	1597.361	1628.03	1657.876	1675.606	1699.623	1697.524	1723.292	1721.566	1724.98	1727.905	1727.685	1724.339	1720.537	1720.537	1724.339	1727.685	1727.905	1724.98	1721.566	1723.292	1697.524	1699.623	1675.606	1657.876	1628.03	1597.361	1542.468	1498.801	1433.945	1386.955	1292.473	1269.186	1202.594	1185.012	1152.486	1091.339	1102.47	1050.639	1056.865	1058.966	1096.793	1062.69	994.036	980.062	997.086	963.732	957.984	958.793	964.619
8	978.708	943.105	943.826	952.552	963.102	977.763	994.217	976.073	989.27	1039.038	1044.014	1045.021	1075.363	1077.703	1077.635	1116.758	1146.904	1186.116	1227.175	1264.727	1334.259	1414.027	1484.423	1535.988	1590.034	1623.27	1658.58	1677.783	1698.241	1713.866	1728.355	1736.067	1750.817	1758.485	1765.985	1773.21	1774.238	1769.001	1763.393	1763.393	1769.001	1774.238	1773.21	1765.985	1758.485	1750.817	1736.067	1728.355	1713.866	1698.241	1677.783	1658.58	1623.27	1590.034	1535.988	1484.423	1414.027	1334.259	1264.727	1227.175	1186.116	1146.904	1116.758	1077.635	1077.703	1075.363	1045.021	1044.014	1039.038	989.27	976.073	994.217	977.763	963.102	952.552
9	941.351	974.599	973.605	988.568	996.041	1006.908	1015.762	1017.331	1012.273	1029.417	1054.015	1077.322	1119.901	1101.261	1126.117	1157.722	1203.426	1245.768	1296.556	1353.409	1423.005	1488.372	1546.415	1592.55	1630.935	1662.446	1690.948	1714.921	1741.336	1757.983	1776.099	1792.089	1808.935	1818.797	1827.724	1834.7	1836.316	1832.219	1825.615	1825.615	1832.219	1836.316	1834.7	1827.724	1818.797	1808.935	1792.089	1776.099	1757.983	1741.336	1714.921	1690.948	1662.446	1630.935	1592.55	1546.415	1488.372	1423.005	1353.409	1296.556	1245.768	1203.426	1157.722	1126.117	1101.261	1119.901	1077.322	1054.015	1029.417	1012.273	1017.331	1015.762	1006.908	996.041	988.568
10	948.547	971.971	974.588	987.541	1001.753	1019.145	1036.579	1062.133	1059.977	1044.89	1087.911	1118.182	1139.789	1145.721	1178.013	1206.428	1260.111	1316.138	1379.489	1440.822	1501.135	1551.939	1603.597	1641.198	1675.844	1704.732	1733.898	1758.098	1781.406	1805.322	1824.999	1846.133	1885.787	1897.604	1918.306	1940.239	1943.396	1925.614	1906.713	1906.713	1925.614	1943.396	1940.239	1918.306	1897.604	1885.787	1846.133	1824.999	1805.322	1781.406	1758.098	1733.898	1704.732	1675.844	1641.198	1603.597	1551.939	1501.135	1440.822	1379.489	1316.138	1260.111	1206.428	1178.013	1145.721	1139.789	1118.182	1087.911	1044.89	1059.977	1062.133	1036.579	1019.145	1001.753	987.541
11	968.809	954.046	963.787	976.554	993.354	1013.778	1037.258	1059.305	1066.865	1069.955	1113.819	1137.632	1146.159	1174.324	1213.567	1260.926	1323.255	1381.391	1444.208	1504.423	1559.851	1603.082	1649.46	1681.622	1712.495	1744.985	1778.581	1807.052	1842.48	1878.157	1921.997	1996.812	2089.94	2195.125	2330.317	2284.592	2327.103	2456.515	2307.911	2307.911	2456.515	2327.103	2284.592	2330.317	2195.125	2089.94	1996.812	1921.997	1878.157	1842.48	1807.052	1778.581	1744.985	1712.495	1681.622	1649.46	1603.082	1559.851	1504.423	1444.208	1381.391	1323.255	1260.926	1213.567	1174.324	1146.159	1137.632	1113.819	1069.955	1066.865	1059.305	1037.258	1013.778	993.354	976.554
12	957.424	1003.319	1000.552	1012.753	1023.882	1039.943	1059.761	1071.591	1094.656	1123.439	1147.628	1149.837	1182.085	1216.291	1260.309	1319.364	1378.941	1439.829	1498.372	1549.497	1598.337	1637.307	1677.2	1709.997	1748.966	1785.244	1828.491	1881.385	1949.766	2074.816	2292.34	3033.121	-1	-1	-1	-1	-1	-1	-1	-1	-1	-1	-1	-1	-1	-1	3033.121	2292.34	2074.816	1949.766	1881.385	1828.491	1785.244	1748.966	1709.997	1677.2	1637.307	1598.337	1549.497	1498.372	1439.829	1378.941	1319.364	1260.309	1216.291	1182.085	1149.837	1147.628	1123.439	1094.656	1071.591	1059.761	1039.943	1023.882	1012.753
13	964.8	990.476	996.393	1015.951	1034.146	1057.929	1082.974	1092.761	1107.871	1122.061	1152.218	1187.586	1216.533	1259.576	1306.458	1366.713	1426.16	1483.234	1536.026	1580.899	1626.545	1667.184	1709.164	1746.956	1797.238	1847.741	1929.026	2040.593	2302.033	3109.023	-1	-1	-1	-1	-1	-1	-1	-1	-1	-1	-1	-1	-1	-1	-1	-1	-1	-1	3109.023	2302.033	2040.593	1929.026	1847.741	1797.238	1746.956	1709.164	1667.184	1626.545	1580.899	1536.026	1483.234	1426.16	1366.713	1306.458	1259.576	1216.533	1187.586	1152.218	1122.061	1107.871	1092.761	1082.974	1057.929	1034.146	1015.951
14	963.51	1022.766	1019.96	1034.073	1047.626	1069.452	1095.206	1107.53	1128.522	1145.711	1178.839	1210.979	1248.295	1289.822	1339.323	1402.801	1462.436	1512.89	1564.783	1606.198	1647.903	1688.574	1737.901	1786.559	1843.624	1952.288	2143.369	2955.386	-1	-1	-1	-1	-1	-1	-1	-1	-1	-1	-1	-1	-1	-1	-1	-1	-1	-1	-1	-1	-1	-1	2955.386	2143.369	1952.288	1843.624	1786.559	1737.901	1688.574	1647.903	1606.198	1564.783	1512.89	1462.436	1402.801	1339.323	1289.822	1248.295	1210.979	1178.839	1145.711	1128.522	1107.53	1095.206	1069.452	1047.626	1034.073
15	977.144	1030.73	1025.584	1036.77	1047.381	1064.151	1090.459	1116.888	1134.754	1170.501	1208.362	1244.626	1284.372	1326.239	1382.271	1433.064	1485.615	1534.517	1579.737	1619.447	1660.355	1706.798	1757.965	1828.17	1941.185	2185.861	3280.55	-1	-1	-1	-1	-1	-1	-1	-1	-1	-1	-1	-1	-1	-1	-1	-1	-1	-1	-1	-1	-1	-1	-1	-1	3280.55	2185.861	1941.185	1828.17	1757.965	1706.798	1660.355	1619.447	1579.737	1534.517	1485.615	1433.064	1382.271	1326.239	1284.372	1244.626	1208.362	1170.501	1134.754	1116.888	1090.459	1064.151	1047.381	1036.77
16	1012.177	1048.803	1042.001	1051.153	1061.106	1077.676	1101.184	1129.842	1151.01	1181.838	1233.392	1270.58	1316.068	1356.204	1406.472	1455.955	1501.86	1545.664	1586.371	1631.039	1670.938	1718.403	1790.185	1888.988	2126.722	-1	-1	-1	-1	-1	-1	-1	1177.006	1177.005	1177.005	1177.004	1177.004	1177.005	1177.005	1177.005	1177.005	1177.004	1177.004	1177.005	1177.005	1177.006	-1	-1	-1	-1	-1	-1	-1	2126.722	1888.988	1790.185	1718.403	1670.938	1631.039	1586.371	1545.664	1501.86	1455.955	1406.472	1356.204	1316.068	1270.58	1233.392	1181.838	1151.01	1129.842	1101.184	1077.676	1061.106	1051.153
17	1022.336	1053.218	1047.707	1057.927	1068.736	1086.008	1109.683	1142.676	1172.408	1202.164	1242.101	1289.534	1331.204	1376.892	1425.475	1470.313	1515.358	1553.487	1590.105	1628.139	1665.447	1723.901	1817.066	2042.923	3113.772	-1	-1	-1	-1	-1	1177.011	-1	-1	-1	-1	-1	-1	-1	-1	-1	-1	-1	-1	-1	-1	-1	-1	1177.011	-1	-1	-1	-1	-1	3113.772	2042.923	1817.066	1723.901	1665.447	1628.139	1590.105	1553.487	1515.358	1470.313	1425.475	1376.892	1331.204	1289.534	1242.101	1202.164	1172.408	1142.676	1109.683	1086.008	1068.736	1057.927
18	1029.913	1042.267	1047.123	1061.952	1080.042	1103.471	1130.686	1156.776	1184.282	1216.372	1257.54	1303.1	1348.609	1390.316	1433.373	1478.134	1519.541	1552.418	1586.65	1631.669	1677.172	1749.471	1912.816	2534.438	-1	-1	-1	-1	-1	-1	-1	-1	-1	-1	1177.018	1177.013	1177.012	1177.014	-1	-1	1177.014	1177.012	1177.013	1177.018	-1	-1	-1	-1	-1	-1	-1	-1	-1	-1	2534.438	1912.816	1749.471	1677.172	1631.669	1586.65	1552.418	1519.541	1478.134	1433.373	1390.316	1348.609	1303.1	1257.54	1216.372	1184.282	1156.776	1130.686	1103.471	1080.042	1061.952
19	1034.825	1058.981	1065.94	1083.177	1101.108	1122.093	1145.332	1164.556	1195.163	1227.953	1267.162	1312.819	1352.229	1396.547	1437.185	1477.77	1518.291	1549.38	1587.437	1623.459	1670.564	1783.695	2158.203	-1	-1	-1	-1	1177.005	-1	-1	-1	-1	1177.011	1177.006	1177.004	1177.003	1177.003	1177.003	1177.003	1177.003	1177.003	1177.003	1177.003	1177.004	1177.006	1177.011	-1	-1	-1	-1	1177.005	-1	-1	-1	-1	2158.203	1783.695	1670.564	1623.459	1587.437	1549.38	1518.291	1477.77	1437.185	1396.547	1352.229	1312.819	1267.162	1227.953	1195.163	1164.556	1145.332	1122.093	1101.108	1083.177
20	1033.741	1053.982	1062.369	1080.715	1101.296	1126.028	1152.127	1176.476	1204.668	1244.611	1282.995	1324.583	1364.7	1403.753	1436.491	1473.737	1507.626	1541.652	1573.016	1599.958	1656.371	1870.876	2895.086	-1	-1	-1	-1	-1	-1	-1	-1	-1	-1	-1	-1	-1	-1	-1	-1	-1	-1	-1	-1	-1	-1	-1	-1	-1	-1	-1	-1	-1	-1	-1	-1	2895.086	1870.876	1656.371	1599.958	1573.016	1541.652	1507.626	1473.737	1436.491	1403.753	1364.7	1324.583	1282.995	1244.611	1204.668	1176.476	1152.127	1126.028	1101.296	1080.715
21	1034.054	1054.72	1067.132	1088.641	1109.83	1132.752	1157.075	1180.272	1215.53	1243.591	1287.409	1328.622	1365.608	1403.797	1434.669	1472.829	1501.264	1539.962	1568.128	1607.614	1669.968	2080.768	-1	-1	-1	-1	-1	-1	-1	-1	-1	-1	-1	-1	-1	-1	-1	-1	-1	-1	-1	-1	-1	-1	-1	-1	-1	-1	-1	-1	-1	-1	-1	-1	-1	-1	2080.768	1669.968	1607.614	1568.128	1539.962	1501.264	1472.829	1434.669	1403.797	1365.608	1328.622	1287.409	1243.591	1215.53	1180.272	1157.075	1132.752	1109.83	1088.641
22	1036.714	1077.29	1083.233	1100.026	1114.705	1132.523	1153.911	1185.566	1217.499	1257.831	1291.577	1333.205	1364.987	1396.327	1427.312	1452.297	1483.824	1516.028	1526.242	1588.647	1704.003	2387.111	-1	-1	-1	-1	-1	-1	-1	-1	-1	-1	-1	-1	-1	-1	-1	-1	-1	-1	-1	-1	-1	-1	-1	-1	-1	-1	-1	-1	-1	-1	-1	-1	-1	-1	2387.111	1704.003	1588.647	1526.242	1516.028	1483.824	1452.297	1427.312	1396.327	1364.987	1333.205	1291.577	1257.831	1217.499	1185.566	1153.911	1132.523	1114.705	1100.026
23	1085.22	1058.739	1078.237	1096.965	1116.814	1138.506	1161.91	1184.855	1211.634	1253.453	1290.339	1329.11	1360.501	1389.992	1417.876	1449.75	1467.45	1506.733	1504.951	1501.406	1430.846	2278.182	-1	-1	-1	-1	-1	-1	-1	-1	-1	-1	-1	-1	1177.007	1177.016	1177.016	1177.006	-1	-1	1177.006	1177.016	1177.016	1177.007	-1	-1	-1	-1	-1	-1	-1	-1	-1	-1	-1	-1	2278.182	1430.846	1501.406	1504.951	1506.733	1467.45	1449.75	1417.876	1389.992	1360.501	1329.11	1290.339	1253.453	1211.634	1184.855	1161.91	1138.506	1116.814	1096.965
24	1089.303	1085.183	1099.201	1119.31	1137.139	1155.924	1176.175	1197.23	1215.544	1248.002	1278.782	1319.068	1337.999	1357.571	1386.929	1423.978	1448.386	1464.683	1461.841	1457.762	1453.658	1916.657	2315.15	2685.869	-1	-1	-1	-1	-1	-1	-1	-1	-1	-1	-1	-1	-1	-1	-1	-1	-1	-1	-1	-1	-1	-1	-1	-1	-1	-1	-1	-1	-1	-1	2685.869	2315.15	1916.657	1453.658	1457.762	1461.841	1464.683	1448.386	1423.978	1386.929	1357.571	1337.999	1319.068	1278.782	1248.002	1215.544	1197.23	1176.175	1155.924	1137.139	1119.31
25	1124.731	1065.478	1090.076	1111.761	1133.214	1154.958	1176.763	1199.269	1227.293	1255.91	1290.247	1317.359	1333.134	1348.001	1367.24	1382.705	1392.648	1374.467	1343.826	1297.366	1353.663	1705.957	1446.946	1894.733	2174.84	-1	-1	-1	-1	-1	-1	-1	-1	-1	-1	-1	-1	-1	-1	-1	-1	-1	-1	-1	-1	-1	-1	-1	-1	-1	-1	-1	-1	2174.84	1894.733	1446.946	1705.957	1353.663	1297.366	1343.826	1374.467	1392.648	1382.705	1367.24	1348.001	1333.134	1317.359	1290.247	1255.91	1227.293	1199.269	1176.763	1154.958	1133.214	1111.761
26	1121.654	1067.755	1101.141	1125.843	1146.417	1163.988	1185.816	1200.984	1218.505	1250.522	1276.022	1300.722	1305.258	1309.178	1323.107	1326.045	1309.487	1291.915	1183.354	1181.539	1110.56	1440.753	1698.19	1814.275	1994.949	2483.884	2808.363	3008.957	-1	-1	-1	-1	-1	1177.02	1177.014	1177.114	1177.096	1177.005	1177.003	1177.003	1177.005	1177.096	1177.114	1177.014	1177.02	-1	-1	-1	-1	-1	3008.957	2808.363	2483.884	1994.949	1814.275	1698.19	1440.753	1110.56	1181.539	1183.354	1291.915	1309.487	1326.045	1323.107	1309.178	1305.258	1300.722	1276.022	1250.522	1218.505	1200.984	1185.816	1163.988	1146.417	1125.843
27	1220.775	995.345	1055.441	1093.474	1131.733	1163.443	1191.757	1220.696	1231.082	1252.006	1272.847	1287.829	1292.106	1279.99	1276.289	1254.955	1219.128	1239.057	1273.778	1223.394	1204.558	1235.161	1317.294	1577.645	1627.281	2641.255	-1	-1	-1	-1	-1	-1	-1	-1	-1	-1	-1	-1	-1	-1	-1	-1	-1	-1	-1	-1	-1	-1	-1	-1	-1	-1	2641.255	1627.281	1577.645	1317.294	1235.161	1204.558	1223.394	1273.778	1239.057	1219.128	1254.955	1276.289	1279.99	1292.106	1287.829	1272.847	1252.006	1231.082	1220.696	1191.757	1163.443	1131.733	1093.474
28	1218.382	1094.296	1120.111	1134.711	1150.316	1166.455	1189.677	1193.253	1204.245	1218.187	1260.458	1271.83	1254.966	1249.694	1218.182	1264.646	1242.901	1238.739	1213.471	1174.697	1207.25	1311.642	1399.312	1435.56	1605.883	2073.295	2453.763	2852.686	-1	-1	-1	-1	-1	1177.003	-1	-1	-1	-1	1177.013	1177.013	-1	-1	-1	-1	1177.003	-1	-1	-1	-1	-1	2852.686	2453.763	2073.295	1605.883	1435.56	1399.312	1311.642	1207.25	1174.697	1213.471	1238.739	1242.901	1264.646	1218.182	1249.694	1254.966	1271.83	1260.458	1218.187	1204.245	1193.253	1189.677	1166.455	1150.316	1134.711
29	1247.737	1105.972	1125.863	1139.523	1152.378	1165.782	1176.211	1189.166	1174.833	1189.868	1218.271	1237.622	1211.901	1192.813	1184.51	1168.496	1198.208	1157.046	1206.344	1194.74	1201.297	1293.709	1349.943	1546.926	1616.948	1844.005	2245.92	2617.787	-1	-1	-1	-1	-1	-1	-1	-1	-1	-1	-1	-1	-1	-1	-1	-1	-1	-1	-1	-1	-1	-1	2617.787	2245.92	1844.005	1616.948	1546.926	1349.943	1293.709	1201.297	1194.74	1206.344	1157.046	1198.208	1168.496	1184.51	1192.813	1211.901	1237.622	1218.271	1189.868	1174.833	1189.166	1176.211	1165.782	1152.378	1139.523
30	1096.997	1178.791	1189.03	1195.621	1187.652	1179.677	1173.968	1180.048	1189.507	1194.036	1228.015	1248.799	1247.957	1188.78	1199.751	1205.498	1148.446	1175.954	1130.301	1197.915	1258.391	1253.408	1323.615	1475.49	1530.572	1792.563	2079.964	2632.315	-1	-1	-1	-1	-1	-1	-1	-1	-1	-1	-1	-1	-1	-1	-1	-1	-1	-1	-1	-1	-1	-1	2632.315	2079.964	1792.563	1530.572	1475.49	1323.615	1253.408	1258.391	1197.915	1130.301	1175.954	1148.446	1205.498	1199.751	1188.78	1247.957	1248.799	1228.015	1194.036	1189.507	1180.048	1173.968	1179.677	1187.652	1195.621
31	1310.227	1127.148	1140.819	1155.994	1180.079	1196.619	1204.561	1159.709	1188.262	1171.169	1205.137	1224.693	1220.348	1128.857	1130.377	1238.094	1180.867	1195.555	1216.209	1180.183	1254.781	1276.504	1349.876	1401.526	1459.534	1533.792	1874.477	2783.458	-1	-1	-1	-1	-1	-1	-1	-1	-1	-1	-1	-1	-1	-1	-1	-1	-1	-1	-1	-1	-1	-1	2783.458	1874.477	1533.792	1459.534	1401.526	1349.876	1276.504	1254.781	1180.183	1216.209	1195.555	1180.867	1238.094	1130.377	1128.857	1220.348	1224.693	1205.137	1171.169	1188.262	1159.709	1204.561	1196.619	1180.079	1155.994
32	1546.985	1170.97	1168.319	1149.421	1143.599	1142.158	1146.254	1188.362	1204.581	1172.917	1201.279	1181.532	1174.351	1117.326	1157.542	1116.035	1201.54	1184.943	1205.064	1261.886	1230.683	1278.805	1400.993	1523.614	1512.312	1683.011	2161.589	2724.649	-1	-1	-1	-1	-1	-1	-1	-1	-1	-1	-1	-1	-1	-1	-1	-1	-1	-1	-1	-1	-1	-1	2724.649	2161.589	1683.011	1512.312	1523.614	1400.993	1278.805	1230.683	1261.886	1205.064	1184.943	1201.54	1116.035	1157.542	1117.326	1174.351	1181.532	1201.279	1172.917	1204.581	1188.362	1146.254	1142.158	1143.599	1149.421
33	1288.36	1361.293	1329.559	1308.514	1254.008	1209.853	1169.675	1135.457	1107.878	1079.998	1190.024	1180.554	1199.085	1153.988	1131.283	1162.653	1185.458	1175.525	1144.936	1142.024	1205.107	1204.102	1347.724	1447.223	1606.239	1822.942	2414.989	2559.466	2565.01	-1	-1	-1	-1	-1	-1	-1	-1	-1	-1	-1	-1	-1	-1	-1	-1	-1	-1	-1	-1	2565.01	2559.466	2414.989	1822.942	1606.239	1447.223	1347.724	1204.102	1205.107	1142.024	1144.936	1175.525	1185.458	1162.653	1131.283	1153.988	1199.085	1180.554	1190.024	1079.998	1107.878	1135.457	1169.675	1209.853	1254.008	1308.514
34	1376.512	1349.704	1324.463	1351.591	1327.248	1302.014	1284.927	1260.041	1257.582	1128.884	1147.341	1128.807	1136.526	1074.552	1044.358	1056.852	1119.19	1198.074	1176.188	1256.301	1246.314	1275.903	1363.852	1475.25	1516.933	1905.504	1935.274	2520.136	-1	-1	-1	-1	-1	-1	-1	-1	-1	2442.569	-1	-1	2442.569	-1	-1	-1	-1	-1	-1	-1	-1	-1	2520.136	1935.274	1905.504	1516.933	1475.25	1363.852	1275.903	1246.314	1256.301	1176.188	1198.074	1119.19	1056.852	1044.358	1074.552	1136.526	1128.807	1147.341	1128.884	1257.582	1260.041	1284.927	1302.014	1327.248	1351.591
35	1437.644	1411.712	1352.452	1341.654	1286.306	1233.138	1190.019	1091.232	1082.375	1125.207	1215.353	1252.455	1251.814	1147.016	1105.103	1143.802	1126.282	1120.329	1201.882	1120.137	1167.564	1257.595	1390.351	1513.428	1551.53	1730.246	2247.788	-1	-1	-1	-1	-1	879.574	879.885	852.132	831.435	832.215	853.525	880.032	880.032	853.525	832.215	831.435	852.132	879.885	879.574	-1	-1	-1	-1	-1	2247.788	1730.246	1551.53	1513.428	1390.351	1257.595	1167.564	1120.137	1201.882	1120.329	1126.282	1143.802	1105.103	1147.016	1251.814	1252.455	1215.353	1125.207	1082.375	1091.232	1190.019	1233.138	1286.306	1341.654
36	1596.232	1193.36	1183.058	1172.338	1141.045	1135.52	1141.248	1252.85	1010.444	1084.972	1195.767	1260.802	1191.098	1200.334	1128.162	1199.392	1216.958	1223.072	1168.437	1132.651	1094.213	1221.234	1302.274	1434.909	1480.636	2088.643	2293.109	-1	-1	-1	-1	-1	-1	-1	2505.701	2552.066	2546.775	2492.698	-1	-1	2492.698	2546.775	2552.066	2505.701	-1	-1	-1	-1	-1	-1	-1	2293.109	2088.643	1480.636	1434.909	1302.274	1221.234	1094.213	1132.651	1168.437	1223.072	1216.958	1199.392	1128.162	1200.334	1191.098	1260.802	1195.767	1084.972	1010.444	1252.85	1141.248	1135.52	1141.045	1172.338
37	1357.516	1265.361	1277.379	1345.606	1350.765	1354.31	1332.608	1145.016	1170.577	1016.434	1225.889	1187.351	1126.814	1050.587	1112.323	1136.455	1175.881	1275.305	1317.817	1224.623	1305.615	1285.415	1312.752	1396.08	1566.934	2068.034	-1	-1	-1	-1	-1	2262.592	1747.912	1848.714	1950.282	2174.334	2176.831	1970.824	1895.453	1895.453	1970.824	2176.831	2174.334	1950.282	1848.714	1747.912	2262.592	-1	-1	-1	-1	-1	2068.034	1566.934	1396.08	1312.752	1285.415	1305.615	1224.623	1317.817	1275.305	1175.881	1136.455	1112.323	1050.587	1126.814	1187.351	1225.889	1016.434	1170.577	1145.016	1332.608	1354.31	1350.765	1345.606
38	1312.934	1150.782	1172.278	1198.067	1214.499	1255.3	1349.423	1671.208	1184.918	1248.999	1236.112	1241.468	1247.564	1235.826	1150.852	1188.154	1220.983	1141.045	1181.628	1174.661	1200.347	1230.537	1292.176	1422.974	1542.773	2031.229	2102.274	1847.975	2379.771	-1	1725.332	1847.254	1970.383	1811.271	1690.487	1691.831	1667.007	1612.34	1692.332	1692.332	1612.34	1667.007	1691.831	1690.487	1811.271	1970.383	1847.254	1725.332	-1	2379.771	1847.975	2102.274	2031.229	1542.773	1422.974	1292.176	1230.537	1200.347	1174.661	1181.628	1141.045	1220.983	1188.154	1150.852	1235.826	1247.564	1241.468	1236.112	1248.999	1184.918	1671.208	1349.423	1255.3	1214.499	1198.067
39	1272.02	1314.056	1300.954	1337.905	1323.628	1283.288	1223.359	1167.309	1230.049	1181.812	1317.093	1283.012	1269.789	1275.231	1152.473	1190.14	1242.265	1159.198	1148.936	1147.733	1292.631	1302.021	1381.576	1605.621	1471.111	2204.922	-1	2337.346	-1	-1	-1	-1	2427.946	2368.133	2274.904	2228.091	2222.818	2257.763	2333.959	2333.959	2257.763	2222.818	2228.091	2274.904	2368.133	2427.946	-1	-1	-1	-1	2337.346	-1	2204.922	1471.111	1605.621	1381.576	1302.021	1292.631	1147.733	1148.936	1159.198	1242.265	1190.14	1152.473	1275.231	1269.789	1283.012	1317.093	1181.812	1230.049	1167.309	1223.359	1283.288	1323.628	1337.905
40	1303.034	1270.127	1262.485	1300.082	1295.688	1280.456	1318.366	1382.732	1264.714	1122.823	1097.454	1331.75	1040.486	1072.115	1145.174	1158.884	1279.632	1232.894	1220.539	1297.352	1338.944	1319.182	1342.124	1473.267	1229.662	1790.761	2135.158	2068.424	2161.386	2131.036	1510.54	1781.933	1557.74	1686.728	1751.548	1847.102	1863.729	1795.214	1759.777	1759.777	1795.214	1863.729	1847.102	1751.548	1686.728	1557.74	1781.933	1510.54	2131.036	2161.386	2068.424	2135.158	1790.761	1229.662	1473.267	1342.124	1319.182	1338.944	1297.352	1220.539	1232.894	1279.632	1158.884	1145.174	1072.115	1040.486	1331.75	1097.454	1122.823	1264.714	1382.732	1318.366	1280.456	1295.688	1300.082
41	1325.422	1234.439	1191.193	1259.305	1252.797	1270.538	1275.993	1233.13	1241.582	1315.327	1386.886	1259.86	1256.187	1218.697	1118.905	1109.054	1068.204	1094.493	1239.644	1185.368	1353.877	1547.706	1572.793	1544.46	1633.508	-1	1611.435	-1	1344.117	-1	-1	889.226	1293.89	1410.53	1690.814	1902.497	1898.369	1693.901	1458.712	1458.712	1693.901	1898.369	1902.497	1690.814	1410.53	1293.89	889.226	-1	-1	1344.117	-1	1611.435	-1	1633.508	1544.46	1572.793	1547.706	1353.877	1185.368	1239.644	1094.493	1068.204	1109.054	1118.905	1218.697	1256.187	1259.86	1386.886	1315.327	1241.582	1233.13	1275.993	1270.538	1252.797	1259.305
42	1256.414	1221.078	1279.348	1293.797	1299.233	1298.418	1276.799	1120.353	1235.65	1349.723	1330.964	1361.59	1359.001	1083.712	1106.835	1088.578	1061.997	1158.798	1091.114	1118.561	1307.633	1394.37	1494.485	1793.317	1834.543	-1	2000.267	1782.473	1944.944	2190.33	1866.373	1466.303	1124.261	1053.55	975.225	1003.268	987.15	938.489	996.937	996.937	938.489	987.15	1003.268	975.225	1053.55	1124.261	1466.303	1866.373	2190.33	1944.944	1782.473	2000.267	-1	1834.543	1793.317	1494.485	1394.37	1307.633	1118.561	1091.114	1158.798	1061.997	1088.578	1106.835	1083.712	1359.001	1361.59	1330.964	1349.723	1235.65	1120.353	1276.799	1298.418	1299.233	1293.797
43	1540.215	1236.114	1254.679	1206.567	1155.733	1098.915	1114.509	976.729	1019.637	1099.947	1181.612	1344.205	1097.838	1167.141	1184.574	1198.322	1235.553	1205.912	1100.667	1148.531	1174.543	1369.282	1671.861	1758.763	1667.238	1995.757	1917.057	2085.39	-1	1898.719	2046.76	2120.741	2064.069	2120.889	2070.77	1904.424	1910.923	2093.375	2161.459	2161.459	2093.375	1910.923	1904.424	2070.77	2120.889	2064.069	2120.741	2046.76	1898.719	-1	2085.39	1917.057	1995.757	1667.238	1758.763	1671.861	1369.282	1174.543	1148.531	1100.667	1205.912	1235.553	1198.322	1184.574	1167.141	1097.838	1344.205	1181.612	1099.947	1019.637	976.729	1114.509	1098.915	1155.733	1206.567
44	1108.788	1191.459	1238.659	1276.028	1309.014	1347.202	1382.871	1396.13	1229.182	1349.384	1190.16	1268.532	1170.804	1139.403	1190.605	1190.38	1262.04	1337.478	1196.711	1133.179	1186.001	1153.381	1172.658	1373.8	1711.178	1936.547	-1	-1	2199.859	-1	2191.23	2144.02	-1	2137.017	2068.031	1937.3	1931.454	2039.348	2076.973	2076.973	2039.348	1931.454	1937.3	2068.031	2137.017	-1	2144.02	2191.23	-1	2199.859	-1	-1	1936.547	1711.178	1373.8	1172.658	1153.381	1186.001	1133.179	1196.711	1337.478	1262.04	1190.38	1190.605	1139.403	1170.804	1268.532	1190.16	1349.384	1229.182	1396.13	1382.871	1347.202	1309.014	1276.028
45	1290.672	1264.249	1228.511	1235.363	1161.1	1073.919	1047.415	1087.35	1059.674	1348.69	1336.231	1418.852	1201.868	1250.656	1271.254	1330.831	1255.867	1207.028	1219.077	1218.177	1288.286	1374.379	1396.07	1438.807	1537.485	1903.716	-1	1959.506	1693.311	1684.307	-1	1900.962	1873.711	1685.968	1641.771	1612.799	1598.09	1590.492	1585.006	1585.006	1590.492	1598.09	1612.799	1641.771	1685.968	1873.711	1900.962	-1	1684.307	1693.311	1959.506	-1	1903.716	1537.485	1438.807	1396.07	1374.379	1288.286	1218.177	1219.077	1207.028	1255.867	1330.831	1271.254	1250.656	1201.868	1418.852	1336.231	1348.69	1059.674	1087.35	1047.415	1073.919	1161.1	1235.363
