lateral	-38.5	-37.5	-36.5	-35.5	-34.5	-33.5	-32.5	-31.5	-30.5	-29.5	-28.5	-27.5	-26.5	-25.5	-24.5	-23.5	-22.5	-21.5	-20.5	-19.5	-18.5	-17.5	-16.5	-15.5	-14.5	-13.5	-12.5	-11.5	-10.5	-9.5	-8.5	-7.5	-6.5	-5.5	-4.5	-3.5	-2.5	-1.5	-0.5	0.5	1.5	2.5	3.5	4.5	5.5	6.5	7.5	8.5	9.5	10.5	11.5	12.5	13.5	14.5	15.5	16.5	17.5	18.5	19.5	20.5	21.5	22.5	23.5	24.5	25.5	26.5	27.5	28.5	29.5	30.5	31.5	32.5	33.5	34.5	35.5	36.5	37.5	38.5
DFB	mm	mm	mm	mm	mm	mm	mm	mm	mm	mm	mm	mm	mm	mm	mm	mm	mm	mm	mm	mm	mm	mm	mm	mm	mm	mm	mm	mm	mm	mm	mm	mm	mm	mm	mm	mm	mm	mm	mm	mm	mm	mm	mm	mm	mm	mm	mm	mm	mm	mm	mm	mm	mm	mm	mm	mm	mm	mm	mm	mm	mm	mm	mm	mm	mm	mm	mm	mm	mm	mm	mm	mm	mm	mm	mm	mm	mm	mm
-5	0	1.43531	1.49441	1.2705	0.89011	0.45511	0.02751	0	0	0	0	0	0	0	0	0	0	0	0	0	0	0	0	0	0	0	0	0	0	0	0	0	0	0	0	0	0	0	0	0	0	0	0	0	0	0	0	0	0	0	0	0	0	0	0	0	0	0	0	0	0	0	0	0	0	0	0	0	0	0	0	0.02751	0.45511	0.89011	1.2705	1.49441	1.43531	0
-4	0.63904	0.85198	0.81628	0.71158	0.56254	0.40005	0.24412	0.48096	0.08124	0	0	0	0.14548	0.47867	0.34145	0.16193	0	0	0	0	0	0	0	0	0	0	0	0	0	0	0	0	0	0	0	0	0	0	0	0	0	0	0	0	0	0	0	0	0	0	0	0	0	0	0	0	0	0	0	0	0	0	0.16193	0.34145	0.47867	0.14548	0	0	0	0.08124	0.48096	0.24412	0.40005	0.56254	0.71158	0.81628	0.85198	0.63904
-3	0.31908	0	0	0	0	0	0	0	0	0	0.14166	0.40889	0.50416	0.56682	0.49858	0.37784	0.30781	0.12824	0	0	0	0	0	0	0	0	0	0	0	0	0	0	0	0	0	0	0	0	0	0	0	0	0	0	0	0	0	0	0	0	0	0	0	0	0	0	0	0	0	0	0.12824	0.30781	0.37784	0.49858	0.56682	0.50416	0.40889	0.14166	0	0	0	0	0	0	0	0	0	0.31908
-2	1.16776	0	0	0	0	0	0.43536	0.83131	0.6549	0.89592	0.89561	1.00228	0.74879	0.38126	0	0	0	0	0	0	0	0	0	0	0	0	0	0	0	0	0	0	0	0	0	0	0	0	0	0	0	0	0	0	0	0	0	0	0	0	0	0	0	0	0	0	0	0	0	0	0	0	0	0	0.38126	0.74879	1.00228	0.89561	0.89592	0.6549	0.83131	0.43536	0	0	0	0	0	1.16776
-1	0.35019	0	0	0	0	0	0.3269	0.22706	0.34958	0.43327	0.38083	0.21578	0.20678	0	0	0	0	0	2.44732	8.28148	8.91793	8.87143	4.60391	7.55287	6.27	3.2199	0	0	0	0	0	0	0	0	0	0	0	0	0	0	0	0	0	0	0	0	0	0	0	0	0	0	3.2199	6.27	7.55287	4.60391	8.87143	8.91793	8.28148	2.44732	0	0	0	0	0	0.20678	0.21578	0.38083	0.43327	0.34958	0.22706	0.3269	0	0	0	0	0	0.35019
0	0.26237	0	0	0	0	0	0	0	0	0	0	0	0	0	0	0	0	0	0	0	0	0	0	0	0	0	0	0	0	0	0	0	0	0	0	0	0	0	0	0	0	0	0	0	0	0	0	0	0	0	0	0	0	0	0	0	0	0	0	0	0	0	0	0	0	0	0	0	0	0	0	0	0	0	0	0	0	0.26237
1	1.48816	0	0	0	0	0	0	0	0	0	0	0	0	0	0	0	0	0	0	0	0	0	0	0	0	0	0	0	0	0	0	0	0	0	0	0	0	0	0	0	0	0	0	0	0	0	0	0	0	0	0	0	0	0	0	0	0	0	0	0	0	0	0	0	0	0	0	0	0	0	0	0	0	0	0	0	0	1.48816
2	1.3465	0	0	0	0	0	0	0	0	0	0	0	0	0	0	0	0	0	0	0	0	0	0	0	0	0	0	0	0	0	0	0	0	0	0	0.00698	0.00698	0	0	0	0	0.00698	0.00698	0	0	0	0	0	0	0	0	0	0	0	0	0	0	0	0	0	0	0	0	0	0	0	0	0	0	0	0	0	0	0	0	0	0	1.3465
3	1.65212	0	0	0.03031	0.1556	0.27097	0.36978	0.29893	0.29441	0.41461	0.10167	0	0	0	0	0	0	0	0	0	0	0	0.73004	1.19856	0.66605	0.76851	0.78289	1.28248	1.81513	1.43494	1.38605	1.7234	3.42473	3.59023	3.83359	3.88351	3.90419	3.89565	3.69366	3.69366	3.89565	3.90419	3.88351	3.83359	3.59023	3.42473	1.7234	1.38605	1.43494	1.81513	1.28248	0.78289	0.76851	0.66605	1.19856	0.73004	0	0	0	0	0	0	0	0	0	0	0	0.10167	0.41461	0.29441	0.29893	0.36978	0.27097	0.1556	0.03031	0	0	1.65212
4	1.22712	0.49256	0.52575	0.46406	0.46991	0.51815	0.62489	0.76329	1.32784	1.4126	2.2644	2.17655	1.93469	2.02005	1.71929	1.92577	1.8226	1.66179	1.35654	1.66108	1.66642	1.93359	2.48938	2.02045	1.64119	1.88011	1.40496	1.05168	0.68074	1.08254	0.98479	0.76461	0.56118	0.84739	1.05012	1.35958	1.39536	1.15745	1.02627	1.02627	1.15745	1.39536	1.35958	1.05012	0.84739	0.56118	0.76461	0.98479	1.08254	0.68074	1.05168	1.40496	1.88011	1.64119	2.02045	2.48938	1.93359	1.66642	1.66108	1.35654	1.66179	1.8226	1.92577	1.71929	2.02005	1.93469	2.17655	2.2644	1.4126	1.32784	0.76329	0.62489	0.51815	0.46991	0.46406	0.52575	0.49256	1.22712
5	4.28862	0.29289	0.59881	0.51899	0.73006	0.99178	1.29382	1.7129	1.44093	2.09359	2.45499	2.73569	2.90483	2.82357	2.87874	2.76223	3.17556	3.23727	3.16641	2.78741	2.47439	2.80993	2.79281	2.34011	1.88768	1.87314	1.58538	1.83546	2.01843	2.24624	2.12992	1.50348	2.00582	1.80923	1.77763	1.75529	1.73072	1.70391	1.68636	1.68636	1.70391	1.73072	1.75529	1.77763	1.80923	2.00582	1.50348	2.12992	2.24624	2.01843	1.83546	1.58538	1.87314	1.88768	2.34011	2.79281	2.80993	2.47439	2.78741	3.16641	3.23727	3.17556	2.76223	2.87874	2.82357	2.90483	2.73569	2.45499	2.09359	1.44093	1.7129	1.29382	0.99178	0.73006	0.51899	0.59881	0.29289	4.28862
6	4.44198	0.84868	1.18711	1.13205	1.33348	1.58036	1.87275	2.14526	2.50557	2.70379	3.29338	3.54207	4.11294	4.27271	4.6024	4.54708	4.92991	4.79014	4.4871	4.32715	4.09631	3.61457	3.56684	3.4217	2.9621	2.17704	2.31474	2.24114	2.16066	2.09395	2.07021	2.01812	1.82478	1.86024	1.98744	2.26305	2.26748	2.00074	1.88241	1.88241	2.00074	2.26748	2.26305	1.98744	1.86024	1.82478	2.01812	2.07021	2.09395	2.16066	2.24114	2.31474	2.17704	2.9621	3.4217	3.56684	3.61457	4.09631	4.32715	4.4871	4.79014	4.92991	4.54708	4.6024	4.27271	4.11294	3.54207	3.29338	2.70379	2.50557	2.14526	1.87275	1.58036	1.33348	1.13205	1.18711	0.84868	4.44198
7	4.77077	1.41444	1.76166	1.70139	1.88963	2.14381	2.48082	3.1199	3.37092	3.75521	4.61501	5.35557	5.67118	6.3789	6.55761	6.58504	6.63092	6.15994	6.08577	5.64464	5.03377	4.50429	4.73381	4.14333	3.62594	3.56869	3.11565	2.96338	3.19476	3.18244	2.72893	2.78526	2.19434	2.22912	2.28442	2.50258	2.50692	2.29746	2.25085	2.25085	2.29746	2.50692	2.50258	2.28442	2.22912	2.19434	2.78526	2.72893	3.18244	3.19476	2.96338	3.11565	3.56869	3.62594	4.14333	4.73381	4.50429	5.03377	5.64464	6.08577	6.15994	6.63092	6.58504	6.55761	6.3789	5.67118	5.35557	4.61501	3.75521	3.37092	3.1199	2.48082	2.14381	1.88963	1.70139	1.76166	1.41444	4.77077
8	5.05454	1.71587	2.08716	2.04388	2.26569	2.58038	3.01537	3.74912	4.46782	5.41233	6.04768	6.966	7.48572	8.25936	8.57421	8.53435	8.38178	7.941	7.17697	6.98416	7.02124	6.10493	5.71136	5.10494	4.36368	4.22961	3.55635	3.52233	3.74667	3.39272	3.63193	4.12893	4.5211	4.28422	4.23653	4.1645	4.13489	4.1477	4.13617	4.13617	4.1477	4.13489	4.1645	4.23653	4.28422	4.5211	4.12893	3.63193	3.39272	3.74667	3.52233	3.55635	4.22961	4.36368	5.10494	5.71136	6.10493	7.02124	6.98416	7.17697	7.941	8.38178	8.53435	8.57421	8.25936	7.48572	6.966	6.04768	5.41233	4.46782	3.74912	3.01537	2.58038	2.26569	2.04388	2.08716	1.71587	5.05454
9	0.69576	3.71621	3.93246	4.152	4.14939	4.14551	4.2168	4.51159	5.16073	6.09892	7.50391	8.09803	9.10434	9.52994	9.94253	9.78722	9.82318	9.40796	9.03743	8.2886	7.88177	7.79723	6.87911	5.86092	5.6994	5.1117	5.02642	4.96427	4.75244	4.35588	4.80355	4.39496	4.34163	4.05999	3.98025	4.00445	3.96924	3.87464	3.88397	3.88397	3.87464	3.96924	4.00445	3.98025	4.05999	4.34163	4.39496	4.80355	4.35588	4.75244	4.96427	5.02642	5.1117	5.6994	5.86092	6.87911	7.79723	7.88177	8.2886	9.03743	9.40796	9.82318	9.78722	9.94253	9.52994	9.10434	8.09803	7.50391	6.09892	5.16073	4.51159	4.2168	4.14551	4.14939	4.152	3.93246	3.71621	0.69576
10	1.24631	4.45691	4.73236	4.97376	4.97876	4.98898	5.09563	5.50496	6.24018	7.69575	8.78769	9.98099	10.85557	11.21388	11.5671	11.37721	10.7855	10.27929	9.70724	8.82909	8.523	8.39915	7.78158	7.4319	6.90654	5.89435	5.96194	5.15524	5.22745	5.4037	4.67414	4.98963	5.4088	5.20299	5.27314	5.43519	5.40946	5.19596	5.07436	5.07436	5.19596	5.40946	5.43519	5.27314	5.20299	5.4088	4.98963	4.67414	5.4037	5.22745	5.15524	5.96194	5.89435	6.90654	7.4319	7.78158	8.39915	8.523	8.82909	9.70724	10.27929	10.7855	11.37721	11.5671	11.21388	10.85557	9.98099	8.78769	7.69575	6.24018	5.50496	5.09563	4.98898	4.97876	4.97376	4.73236	4.45691	1.24631
11	2.17509	5.12031	5.54169	5.84498	5.91344	5.9667	6.09729	6.29177	7.26312	8.63913	9.77844	10.82076	11.56841	12.14813	12.59494	12.24152	11.84814	11.6218	10.39423	10.06838	9.48321	9.00991	8.92575	8.38593	7.78947	7.30049	6.57527	6.20739	6.14362	6.49781	5.50628	5.9358	6.10512	5.96049	6.03778	6.22899	6.21091	5.98354	5.8701	5.8701	5.98354	6.21091	6.22899	6.03778	5.96049	6.10512	5.9358	5.50628	6.49781	6.14362	6.20739	6.57527	7.30049	7.78947	8.38593	8.92575	9.00991	9.48321	10.06838	10.39423	11.6218	11.84814	12.24152	12.59494	12.14813	11.56841	10.82076	9.77844	8.63913	7.26312	6.29177	6.09729	5.9667	5.91344	5.84498	5.54169	5.12031	2.17509
12	1.43344	5.75757	6.22895	6.66993	6.78305	6.86987	7.03445	7.52129	8.46769	9.65541	11.09707	12.11506	13.05591	13.47768	13.43585	13.07317	12.55862	11.9821	11.17473	10.98602	10.15771	9.85534	9.73485	9.50875	8.65921	8.37016	7.96371	7.93701	7.3937	7.33901	7.28987	7.51542	6.82808	6.87798	6.8367	6.85375	6.85998	6.85541	6.90917	6.90917	6.85541	6.85998	6.85375	6.8367	6.87798	6.82808	7.51542	7.28987	7.33901	7.3937	7.93701	7.96371	8.37016	8.65921	9.50875	9.73485	9.85534	10.15771	10.98602	11.17473	11.9821	12.55862	13.07317	13.43585	13.47768	13.05591	12.11506	11.09707	9.65541	8.46769	7.52129	7.03445	6.86987	6.78305	6.66993	6.22895	5.75757	1.43344
13	1.65565	6.3507	6.95133	7.50216	7.68062	7.79927	7.96151	8.10884	9.33629	10.83191	11.65207	12.93914	13.76076	14.19627	14.38051	14.05641	13.43553	12.94744	11.91135	11.22003	11.40001	10.88723	10.46335	10.04285	9.35918	9.04863	8.75603	8.37409	8.409	8.79482	8.72991	8.4604	8.95723	8.3876	8.201	8.05998	7.98878	7.98739	8.03159	8.03159	7.98739	7.98878	8.05998	8.201	8.3876	8.95723	8.4604	8.72991	8.79482	8.409	8.37409	8.75603	9.04863	9.35918	10.04285	10.46335	10.88723	11.40001	11.22003	11.91135	12.94744	13.43553	14.05641	14.38051	14.19627	13.76076	12.93914	11.65207	10.83191	9.33629	8.10884	7.96151	7.79927	7.68062	7.50216	6.95133	6.3507	1.65565
14	1.27257	6.80363	7.44287	8.08229	8.2951	8.44469	8.64307	9.11972	10.15917	11.53888	12.76299	13.69059	14.67616	14.71887	14.90752	14.46421	14.13303	13.7267	12.62949	12.18832	12.0838	11.62408	11.32535	11.02733	10.34329	10.18018	9.53126	9.6568	9.36842	9.48521	8.93269	9.50325	9.26529	9.18852	9.25083	9.44713	9.43753	9.22204	9.14053	9.14053	9.22204	9.43753	9.44713	9.25083	9.18852	9.26529	9.50325	8.93269	9.48521	9.36842	9.6568	9.53126	10.18018	10.34329	11.02733	11.32535	11.62408	12.0838	12.18832	12.62949	13.7267	14.13303	14.46421	14.90752	14.71887	14.67616	13.69059	12.76299	11.53888	10.15917	9.11972	8.64307	8.44469	8.2951	8.08229	7.44287	6.80363	1.27257
15	1.43322	7.69204	8.33675	8.96935	9.10622	9.16632	9.28053	9.97305	10.65313	12.21681	13.25232	14.27137	14.5395	15.04069	15.51755	15.12896	14.84336	14.46191	13.85938	13.80672	12.9426	12.8301	12.17517	11.5615	11.0339	10.77341	10.41562	10.08328	10.07165	10.4658	10.51035	10.45816	10.44441	10.41954	10.48856	10.64558	10.64247	10.47924	10.40399	10.40399	10.47924	10.64247	10.64558	10.48856	10.41954	10.44441	10.45816	10.51035	10.4658	10.07165	10.08328	10.41562	10.77341	11.0339	11.5615	12.17517	12.8301	12.9426	13.80672	13.85938	14.46191	14.84336	15.12896	15.51755	15.04069	14.5395	14.27137	13.25232	12.21681	10.65313	9.97305	9.28053	9.16632	9.10622	8.96935	8.33675	7.69204	1.43322
16	2.14751	8.39508	9.06017	9.6431	9.71068	9.69147	9.72942	10.27703	11.1238	12.63729	13.54517	14.49075	15.28916	15.82219	15.5542	15.33475	14.88675	14.45986	14.24289	14.2384	13.93587	13.74875	13.50126	13.16466	12.56105	12.1311	10.97813	10.79078	10.57977	10.92176	11.29982	11.2482	11.68334	11.48984	11.48852	11.50367	11.47948	11.41595	11.3689	11.3689	11.41595	11.47948	11.50367	11.48852	11.48984	11.68334	11.2482	11.29982	10.92176	10.57977	10.79078	10.97813	12.1311	12.56105	13.16466	13.50126	13.74875	13.93587	14.2384	14.24289	14.45986	14.88675	15.33475	15.5542	15.82219	15.28916	14.49075	13.54517	12.63729	11.1238	10.27703	9.72942	9.69147	9.71068	9.6431	9.06017	8.39508	2.14751
17	2.01401	7.35413	8.36364	9.32571	9.87343	10.32057	10.75974	11.3743	12.31928	13.53539	14.645	15.43122	15.67253	15.715	15.66417	15.68489	15.8617	15.15024	15.11195	15.07527	14.59544	14.47168	14.38709	13.99827	13.62415	13.07424	12.48475	12.55705	12.21225	12.16077	12.40839	12.57517	12.49573	12.76868	12.82868	12.79895	12.83307	12.93104	12.93927	12.93927	12.93104	12.83307	12.79895	12.82868	12.76868	12.49573	12.57517	12.40839	12.16077	12.21225	12.55705	12.48475	13.07424	13.62415	13.99827	14.38709	14.47168	14.59544	15.07527	15.11195	15.15024	15.8617	15.68489	15.66417	15.715	15.67253	15.43122	14.645	13.53539	12.31928	11.3743	10.75974	10.32057	9.87343	9.32571	8.36364	7.35413	2.01401
18	2.11772	8.65152	9.58894	10.44862	10.75514	10.91398	11.04567	11.16377	11.92018	13.47266	14.47731	15.20887	15.86924	15.90941	16.47757	16.5922	16.43209	16.25819	15.55763	15.5607	14.99556	15.1689	15.32599	14.72444	14.31085	13.30448	13.12229	12.80274	12.93575	12.48189	12.59328	13.02752	12.73761	13.38088	13.65535	13.88523	13.96563	13.89657	13.78292	13.78292	13.89657	13.96563	13.88523	13.65535	13.38088	12.73761	13.02752	12.59328	12.48189	12.93575	12.80274	13.12229	13.30448	14.31085	14.72444	15.32599	15.1689	14.99556	15.5607	15.55763	16.25819	16.43209	16.5922	16.47757	15.90941	15.86924	15.20887	14.47731	13.47266	11.92018	11.16377	11.04567	10.91398	10.75514	10.44862	9.58894	8.65152	2.11772
19	1.65874	8.94269	9.81546	10.66019	10.9027	11.00541	11.10264	11.44758	12.19534	13.5439	14.98904	15.40211	16.33007	16.45239	16.45127	16.26522	16.68342	16.18703	16.22515	16.10274	16.05814	16.41069	16.3006	16.18395	15.82569	15.15656	14.5449	14.23964	14.00064	13.4484	14.35953	14.16508	14.23687	14.70326	14.89879	15.01426	15.07255	15.07369	14.99476	14.99476	15.07369	15.07255	15.01426	14.89879	14.70326	14.23687	14.16508	14.35953	13.4484	14.00064	14.23964	14.5449	15.15656	15.82569	16.18395	16.3006	16.41069	16.05814	16.10274	16.22515	16.18703	16.68342	16.26522	16.45127	16.45239	16.33007	15.40211	14.98904	13.5439	12.19534	11.44758	11.10264	11.00541	10.9027	10.66019	9.81546	8.94269	1.65874
20	1.87719	9.54756	10.27437	10.95106	10.98926	10.90634	10.86463	11.27905	12.11014	13.8531	14.8209	15.81707	16.30489	16.80229	17.05588	17.05178	17.17075	16.67339	16.71935	16.93995	16.76649	16.44775	16.13259	15.96502	15.65866	15.79531	15.24715	15.30381	15.73656	15.38483	15.91489	16.10615	15.61172	15.47502	15.361	15.2939	15.27681	15.30974	15.38959	15.38959	15.30974	15.27681	15.2939	15.361	15.47502	15.61172	16.10615	15.91489	15.38483	15.73656	15.30381	15.24715	15.79531	15.65866	15.96502	16.13259	16.44775	16.76649	16.93995	16.71935	16.67339	17.17075	17.05178	17.05588	16.80229	16.30489	15.81707	14.8209	13.8531	12.11014	11.27905	10.86463	10.90634	10.98926	10.95106	10.27437	9.54756	1.87719
21	1.67396	9.73264	10.61108	11.4426	11.57498	11.51919	11.41956	11.29678	11.8035	13.50269	14.50227	15.3009	16.12762	16.8526	16.93428	17.35101	17.53987	17.58742	17.11834	17.39044	17.64425	17.8982	18.06214	17.59938	17.45451	16.52581	15.91937	15.86266	15.54164	15.65985	15.86321	16.33655	17.11535	17.18393	17.20895	17.02713	17.0357	17.23466	17.22679	17.22679	17.23466	17.0357	17.02713	17.20895	17.18393	17.11535	16.33655	15.86321	15.65985	15.54164	15.86266	15.91937	16.52581	17.45451	17.59938	18.06214	17.8982	17.64425	17.39044	17.11834	17.58742	17.53987	17.35101	16.93428	16.8526	16.12762	15.3009	14.50227	13.50269	11.8035	11.29678	11.41956	11.51919	11.57498	11.4426	10.61108	9.73264	1.67396
22	2.11375	9.22681	10.04781	10.80264	10.97	11.01941	11.09916	11.55709	12.41132	14.14764	15.15056	16.1201	16.58876	16.72337	16.84814	16.97011	17.41193	17.41333	17.49955	17.73185	17.88755	18.16045	18.00785	18.07396	17.11858	17.38581	16.65631	16.82955	16.89731	16.99742	17.15706	17.71218	17.6244	17.81656	17.87316	17.86779	17.89181	17.94523	17.93666	17.93666	17.94523	17.89181	17.86779	17.87316	17.81656	17.6244	17.71218	17.15706	16.99742	16.89731	16.82955	16.65631	17.38581	17.11858	18.07396	18.00785	18.16045	17.88755	17.73185	17.49955	17.41333	17.41193	16.97011	16.84814	16.72337	16.58876	16.1201	15.15056	14.14764	12.41132	11.55709	11.09916	11.01941	10.97	10.80264	10.04781	9.22681	2.11375
23	1.39372	9.54483	10.3809	11.20706	11.34764	11.3251	11.28713	11.67699	11.97253	13.50267	14.20729	15.61366	16.17492	17.06433	17.25354	17.62641	17.27988	17.69359	17.96819	18.29956	17.91042	18.2689	18.44911	18.84926	18.67503	18.44307	17.53618	17.33292	17.44099	18.38215	17.99432	18.2984	18.64056	18.82845	18.91201	18.89095	18.91444	18.98247	18.94588	18.94588	18.98247	18.91444	18.89095	18.91201	18.82845	18.64056	18.2984	17.99432	18.38215	17.44099	17.33292	17.53618	18.44307	18.67503	18.84926	18.44911	18.2689	17.91042	18.29956	17.96819	17.69359	17.27988	17.62641	17.25354	17.06433	16.17492	15.61366	14.20729	13.50267	11.97253	11.67699	11.28713	11.3251	11.34764	11.20706	10.3809	9.54483	1.39372
24	1.83792	8.54298	9.50243	10.41706	10.7761	10.9904	11.17729	11.37323	12.04679	13.88409	14.71532	15.21906	16.26615	17.10744	17.09224	17.53065	17.86678	18.01982	18.29438	18.30501	18.74114	19.56335	19.13348	18.66415	18.79861	18.03556	18.05305	18.05477	17.85097	18.06072	18.4589	18.75797	19.481	19.56741	19.69971	19.75577	19.76658	19.73211	19.62142	19.62142	19.73211	19.76658	19.75577	19.69971	19.56741	19.481	18.75797	18.4589	18.06072	17.85097	18.05477	18.05305	18.03556	18.79861	18.66415	19.13348	19.56335	18.74114	18.30501	18.29438	18.01982	17.86678	17.53065	17.09224	17.10744	16.26615	15.21906	14.71532	13.88409	12.04679	11.37323	11.17729	10.9904	10.7761	10.41706	9.50243	8.54298	1.83792
25	1.77679	9.05166	9.79751	10.49745	10.59075	10.55949	10.55189	10.74254	11.80359	13.36401	14.19002	15.35877	15.95701	16.65262	16.80024	17.18027	17.38938	17.31548	17.75953	18.25948	19.42887	19.5515	20.36686	20.21365	19.59877	19.35479	18.92982	18.77154	18.85742	19.03375	18.97243	19.28732	20.10142	19.93254	19.88443	19.7104	19.68929	19.8211	19.827	19.827	19.8211	19.68929	19.7104	19.88443	19.93254	20.10142	19.28732	18.97243	19.03375	18.85742	18.77154	18.92982	19.35479	19.59877	20.21365	20.36686	19.5515	19.42887	18.25948	17.75953	17.31548	17.38938	17.18027	16.80024	16.65262	15.95701	15.35877	14.19002	13.36401	11.80359	10.74254	10.55189	10.55949	10.59075	10.49745	9.79751	9.05166	1.77679
26	1.64881	9.11015	9.93755	10.71304	10.83938	10.78975	10.69883	10.53846	11.11151	12.47849	13.37338	14.31857	15.38968	16.31175	17.07119	17.53551	17.50969	18.14872	18.35111	18.67053	18.89809	19.30185	19.7692	19.82187	19.58834	19.41789	19.09575	19.30078	19.05663	19.91458	20.26349	20.58058	20.66661	20.82681	20.82425	20.69838	20.71841	20.88432	20.92694	20.92694	20.88432	20.71841	20.69838	20.82425	20.82681	20.66661	20.58058	20.26349	19.91458	19.05663	19.30078	19.09575	19.41789	19.58834	19.82187	19.7692	19.30185	18.89809	18.67053	18.35111	18.14872	17.50969	17.53551	17.07119	16.31175	15.38968	14.31857	13.37338	12.47849	11.11151	10.53846	10.69883	10.78975	10.83938	10.71304	9.93755	9.11015	1.64881
27	1.48816	7.48754	8.32407	9.15841	9.53068	9.81718	10.12905	10.7661	11.51047	13.09187	14.47208	15.35681	15.9123	16.16915	16.89897	17.30464	17.69265	17.92232	18.17943	18.51979	19.15784	19.41669	19.53802	18.97699	19.0708	18.94112	19.40601	19.44747	20.1373	20.48164	21.07737	21.24986	21.72066	21.22397	20.97923	20.66795	20.60586	20.79297	20.91353	20.91353	20.79297	20.60586	20.66795	20.97923	21.22397	21.72066	21.24986	21.07737	20.48164	20.1373	19.44747	19.40601	18.94112	19.0708	18.97699	19.53802	19.41669	19.15784	18.51979	18.17943	17.92232	17.69265	17.30464	16.89897	16.16915	15.9123	15.35681	14.47208	13.09187	11.51047	10.7661	10.12905	9.81718	9.53068	9.15841	8.32407	7.48754	1.48816
28	1.65565	8.42899	9.08302	9.6897	9.7277	9.6507	9.59966	9.67354	10.55324	12.19788	13.1304	14.3134	15.17966	15.83539	16.68651	17.07723	17.00382	17.19642	17.4991	18.15002	18.68715	19.01613	19.77831	19.55264	20.01056	19.70657	19.91402	19.72429	19.45083	20.70919	20.97205	21.04222	20.71769	20.66224	20.53434	20.37745	20.37052	20.51355	20.62759	20.62759	20.51355	20.37052	20.37745	20.53434	20.66224	20.71769	21.04222	20.97205	20.70919	19.45083	19.72429	19.91402	19.70657	20.01056	19.55264	19.77831	19.01613	18.68715	18.15002	17.4991	17.19642	17.00382	17.07723	16.68651	15.83539	15.17966	14.3134	13.1304	12.19788	10.55324	9.67354	9.59966	9.6507	9.7277	9.6897	9.08302	8.42899	1.65565
29	0.54747	7.79882	8.45918	9.18129	9.32019	9.34171	9.372	9.84182	9.86718	11.61279	13.15163	13.55802	14.87563	15.46971	16.22956	16.79433	17.13516	17.52392	17.45563	18.00565	17.8881	19.06267	19.41148	18.84103	19.7112	19.31222	19.88329	20.19567	20.12129	20.5488	20.25767	21.2896	21.01936	21.35882	21.41766	21.36423	21.40666	21.54496	21.57098	21.57098	21.54496	21.40666	21.36423	21.41766	21.35882	21.01936	21.2896	20.25767	20.5488	20.12129	20.19567	19.88329	19.31222	19.7112	18.84103	19.41148	19.06267	17.8881	18.00565	17.45563	17.52392	17.13516	16.79433	16.22956	15.46971	14.87563	13.55802	13.15163	11.61279	9.86718	9.84182	9.372	9.34171	9.32019	9.18129	8.45918	7.79882	0.54747
30	1.39857	7.61496	8.23664	8.83085	8.91081	8.88865	8.89013	8.98167	9.95825	11.31401	12.07101	13.48012	14.39716	14.85519	15.83742	16.16544	16.8524	16.90859	16.77276	17.67678	18.07627	18.38512	18.74954	19.246	18.89343	19.10125	18.92731	19.17455	20.00268	20.18592	20.48104	21.45874	21.23446	21.32057	21.18593	20.86802	20.87878	21.21822	21.37438	21.37438	21.21822	20.87878	20.86802	21.18593	21.32057	21.23446	21.45874	20.48104	20.18592	20.00268	19.17455	18.92731	19.10125	18.89343	19.246	18.74954	18.38512	18.07627	17.67678	16.77276	16.90859	16.8524	16.16544	15.83742	14.85519	14.39716	13.48012	12.07101	11.31401	9.95825	8.98167	8.89013	8.88865	8.91081	8.83085	8.23664	7.61496	1.39857
31	0.13107	7.10949	7.77138	8.52474	8.71759	8.78399	8.83179	9.19881	8.85879	10.87613	12.06746	13.09409	13.73706	14.61349	15.17004	15.89483	16.03451	16.45945	16.57315	17.36438	17.0497	18.33934	18.44292	18.54829	18.20508	18.3033	18.46479	18.93188	18.91765	19.81485	20.47356	20.84428	20.90809	20.97954	20.97118	20.8816	20.89053	20.99797	21.02419	21.02419	20.99797	20.89053	20.8816	20.97118	20.97954	20.90809	20.84428	20.47356	19.81485	18.91765	18.93188	18.46479	18.3033	18.20508	18.54829	18.44292	18.33934	17.0497	17.36438	16.57315	16.45945	16.03451	15.89483	15.17004	14.61349	13.73706	13.09409	12.06746	10.87613	8.85879	9.19881	8.83179	8.78399	8.71759	8.52474	7.77138	7.10949	0.13107
32	0.79616	6.08918	6.77273	7.49177	7.80271	8.03155	8.26676	8.60094	9.08883	10.85449	11.7166	12.43199	13.48756	13.95562	14.45092	14.88461	15.41388	15.90525	15.74721	16.19019	16.52066	17.46425	17.69337	18.02376	18.15203	18.26282	18.66147	19.06039	19.62413	19.96301	19.34075	20.22392	19.63711	19.86513	19.77923	19.57796	19.60646	19.86474	20.00764	20.00764	19.86474	19.60646	19.57796	19.77923	19.86513	19.63711	20.22392	19.34075	19.96301	19.62413	19.06039	18.66147	18.26282	18.15203	18.02376	17.69337	17.46425	16.52066	16.19019	15.74721	15.90525	15.41388	14.88461	14.45092	13.95562	13.48756	12.43199	11.7166	10.85449	9.08883	8.60094	8.26676	8.03155	7.80271	7.49177	6.77273	6.08918	0.79616
33	2.18546	6.83318	7.21973	7.48471	7.35174	7.16722	7.06161	7.09884	8.03997	9.53682	10.53906	11.7912	12.53977	13.37377	14.06139	15.28773	15.03564	14.92937	15.42999	16.06752	16.44128	16.61948	17.12745	17.34494	17.5096	17.71295	17.51788	18.51574	17.82846	18.69611	19.19979	19.41516	19.38937	19.10827	18.92108	18.69633	18.66119	18.81567	18.93259	18.93259	18.81567	18.66119	18.69633	18.92108	19.10827	19.38937	19.41516	19.19979	18.69611	17.82846	18.51574	17.51788	17.71295	17.5096	17.34494	17.12745	16.61948	16.44128	16.06752	15.42999	14.92937	15.03564	15.28773	14.06139	13.37377	12.53977	11.7912	10.53906	9.53682	8.03997	7.09884	7.06161	7.16722	7.35174	7.48471	7.21973	6.83318	2.18546
34	2.40458	5.51487	6.08732	6.52155	6.69464	6.81911	6.98046	7.00204	8.04569	9.22516	10.07035	11.22708	11.82454	12.35385	13.07733	13.536	13.77271	14.53268	14.606	14.89545	15.40142	16.35371	16.60076	16.68196	16.89897	17.08292	17.30682	18.06047	17.81467	18.55735	18.65676	18.7419	19.0542	18.8493	18.70416	18.46781	18.4422	18.62732	18.72124	18.72124	18.62732	18.4422	18.46781	18.70416	18.8493	19.0542	18.7419	18.65676	18.55735	17.81467	18.06047	17.30682	17.08292	16.89897	16.68196	16.60076	16.35371	15.40142	14.89545	14.606	14.53268	13.77271	13.536	13.07733	12.35385	11.82454	11.22708	10.07035	9.22516	8.04569	7.00204	6.98046	6.81911	6.69464	6.52155	6.08732	5.51487	2.40458
35	2.63628	5.56259	5.88214	6.03855	5.95444	5.87326	5.90811	6.07492	7.79318	8.70438	9.21542	10.5889	11.14475	12.21238	12.5031	13.03237	13.10097	13.18995	13.70301	14.17482	14.90206	15.01726	14.6518	15.59436	15.27602	16.26353	15.9103	16.27552	17.10674	17.38971	17.88664	19.09378	18.78964	18.69165	18.512	18.21089	18.19864	18.47526	18.6304	18.6304	18.47526	18.19864	18.21089	18.512	18.69165	18.78964	19.09378	17.88664	17.38971	17.10674	16.27552	15.9103	16.26353	15.27602	15.59436	14.6518	15.01726	14.90206	14.17482	13.70301	13.18995	13.10097	13.03237	12.5031	12.21238	11.14475	10.5889	9.21542	8.70438	7.79318	6.07492	5.90811	5.87326	5.95444	6.03855	5.88214	5.56259	2.63628
36	2.73823	4.49863	5.08414	5.48642	5.72946	5.92898	6.14485	5.92624	7.02258	7.91511	8.71719	9.76158	10.49605	11.24151	11.64753	12.27898	12.73383	13.06006	13.61464	13.37014	13.72189	14.18424	14.587	14.91465	14.98527	15.21973	15.30972	15.85241	15.73426	16.35266	17.1817	16.92212	17.68249	17.73309	17.66284	17.3453	17.35162	17.68181	17.76471	17.76471	17.68181	17.35162	17.3453	17.66284	17.73309	17.68249	16.92212	17.1817	16.35266	15.73426	15.85241	15.30972	15.21973	14.98527	14.91465	14.587	14.18424	13.72189	13.37014	13.61464	13.06006	12.73383	12.27898	11.64753	11.24151	10.49605	9.76158	8.71719	7.91511	7.02258	5.92624	6.14485	5.92898	5.72946	5.48642	5.08414	4.49863	2.73823
37	2.8554	4.43566	4.71112	4.79743	4.76096	4.7584	4.88334	4.9896	6.94457	7.62362	8.66295	9.41379	10.07653	10.86739	10.70038	10.65751	11.56132	11.48028	11.68646	12.44988	13.3411	13.82989	14.59695	14.62735	14.68032	14.46904	14.64417	14.95211	15.02252	14.9359	15.40724	16.13359	16.55244	16.78022	16.70752	16.31061	16.33908	16.79294	16.92258	16.92258	16.79294	16.33908	16.31061	16.70752	16.78022	16.55244	16.13359	15.40724	14.9359	15.02252	14.95211	14.64417	14.46904	14.68032	14.62735	14.59695	13.82989	13.3411	12.44988	11.68646	11.48028	11.56132	10.65751	10.70038	10.86739	10.07653	9.41379	8.66295	7.62362	6.94457	4.9896	4.88334	4.7584	4.76096	4.79743	4.71112	4.43566	2.8554
38	2.2852	4.04759	4.33555	4.47447	4.46772	4.46638	4.54906	4.70738	5.87311	6.45698	7.173	8.18403	9.05065	9.87417	10.47955	10.67821	11.03681	11.02194	11.31735	11.72866	11.65465	12.16633	12.65379	13.25742	13.78805	13.83933	14.07373	13.95365	13.92646	14.03473	14.68349	14.64992	14.97698	15.26098	15.22905	14.93487	14.97037	15.33555	15.43848	15.43848	15.33555	14.97037	14.93487	15.22905	15.26098	14.97698	14.64992	14.68349	14.03473	13.92646	13.95365	14.07373	13.83933	13.78805	13.25742	12.65379	12.16633	11.65465	11.72866	11.31735	11.02194	11.03681	10.67821	10.47955	9.87417	9.05065	8.18403	7.173	6.45698	5.87311	4.70738	4.54906	4.46638	4.46772	4.47447	4.33555	4.04759	2.2852
39	1.74899	2.79274	3.20201	3.52241	3.78397	4.05941	4.3905	4.77364	5.57308	6.72612	6.9407	7.74642	8.36977	8.65587	8.99834	9.6585	9.65176	10.21215	10.58573	11.10465	11.08744	12.11429	11.91514	12.10348	12.13722	12.16213	12.51724	12.90565	12.96198	13.35182	13.49449	13.69855	13.44989	13.48879	13.4857	13.50693	13.51179	13.50028	13.51309	13.51309	13.50028	13.51179	13.50693	13.4857	13.48879	13.44989	13.69855	13.49449	13.35182	12.96198	12.90565	12.51724	12.16213	12.13722	12.10348	11.91514	12.11429	11.08744	11.10465	10.58573	10.21215	9.65176	9.6585	8.99834	8.65587	8.36977	7.74642	6.9407	6.72612	5.57308	4.77364	4.3905	4.05941	3.78397	3.52241	3.20201	2.79274	1.74899
40	1.5548	2.91744	3.23692	3.46878	3.59804	3.72444	3.89598	3.87822	5.05977	5.50761	6.0255	7.09595	7.65537	8.11229	8.52492	8.60487	9.05256	9.23868	9.60903	9.9536	10.82511	10.70353	11.45966	11.40829	11.40734	11.04402	11.27308	11.11546	11.96617	11.4297	12.19759	12.92701	13.00846	12.91323	12.85449	12.73373	12.72183	12.81878	12.85371	12.85371	12.81878	12.72183	12.73373	12.85449	12.91323	13.00846	12.92701	12.19759	11.4297	11.96617	11.11546	11.27308	11.04402	11.40734	11.40829	11.45966	10.70353	10.82511	9.9536	9.60903	9.23868	9.05256	8.60487	8.52492	8.11229	7.65537	7.09595	6.0255	5.50761	5.05977	3.87822	3.89598	3.72444	3.59804	3.46878	3.23692	2.91744	1.5548
41	2.30948	2.37156	2.62596	2.71607	2.80567	2.92528	3.11881	3.12746	4.14922	4.91882	5.75563	6.49583	7.20334	7.5407	7.87824	7.84027	8.04726	8.29874	8.48221	8.77521	9.16486	10.11926	10.31632	10.85648	11.27469	10.52915	10.64069	10.47758	10.24115	10.7654	10.7586	11.1035	12.03678	12.13141	12.12969	11.86499	11.87682	12.16518	12.19055	12.19055	12.16518	11.87682	11.86499	12.12969	12.13141	12.03678	11.1035	10.7586	10.7654	10.24115	10.47758	10.64069	10.52915	11.27469	10.85648	10.31632	10.11926	9.16486	8.77521	8.48221	8.29874	8.04726	7.84027	7.87824	7.5407	7.20334	6.49583	5.75563	4.91882	4.14922	3.12746	3.11881	2.92528	2.80567	2.71607	2.62596	2.37156	2.30948
42	1.35863	1.97675	2.19725	2.34365	2.46074	2.60498	2.81365	2.94337	3.94729	4.45625	5.20674	5.88336	6.39261	6.86881	7.149	7.10277	7.88423	7.71064	7.92395	8.07191	8.5469	9.02	9.00309	9.4135	9.19195	9.29319	9.23159	9.60896	9.6198	9.4797	9.84673	10.65019	10.73936	10.92371	10.86138	10.57396	10.59701	10.93051	11.03892	11.03892	10.93051	10.59701	10.57396	10.86138	10.92371	10.73936	10.65019	9.84673	9.4797	9.6198	9.60896	9.23159	9.29319	9.19195	9.4135	9.00309	9.02	8.5469	8.07191	7.92395	7.71064	7.88423	7.10277	7.149	6.86881	6.39261	5.88336	5.20674	4.45625	3.94729	2.94337	2.81365	2.60498	2.46074	2.34365	2.19725	1.97675	1.35863
43	1.56319	1.99994	2.1165	2.12665	2.10809	2.12039	2.20878	2.12038	3.19375	3.82557	4.54292	5.34436	5.68688	6.18945	6.76726	6.75944	6.9168	6.94581	6.88891	7.32554	7.60686	7.82767	8.52501	8.66348	9.05612	9.0124	8.3928	7.81596	8.01501	8.78813	8.23225	8.7418	8.12484	8.5472	8.61852	8.63585	8.68864	8.77691	8.81117	8.81117	8.77691	8.68864	8.63585	8.61852	8.5472	8.12484	8.7418	8.23225	8.78813	8.01501	7.81596	8.3928	9.0124	9.05612	8.66348	8.52501	7.82767	7.60686	7.32554	6.88891	6.94581	6.9168	6.75944	6.76726	6.18945	5.68688	5.34436	4.54292	3.82557	3.19375	2.12038	2.20878	2.12039	2.10809	2.12665	2.1165	1.99994	1.56319
44	0.80322	1.39973	1.53151	1.63554	1.72137	1.84449	2.03664	2.37538	2.92412	3.54858	4.41846	4.85759	5.2385	5.46083	5.56844	5.86374	5.75997	5.9193	6.17014	6.74869	7.04114	7.39089	7.79768	7.81351	7.43788	7.31246	7.44894	7.21672	6.70189	7.13948	7.00483	7.51857	8.06775	8.00268	8.06907	8.09708	8.08895	8.04467	7.96201	7.96201	8.04467	8.08895	8.09708	8.06907	8.00268	8.06775	7.51857	7.00483	7.13948	6.70189	7.21672	7.44894	7.31246	7.43788	7.81351	7.79768	7.39089	7.04114	6.74869	6.17014	5.9193	5.75997	5.86374	5.56844	5.46083	5.2385	4.85759	4.41846	3.54858	2.92412	2.37538	2.03664	1.84449	1.72137	1.63554	1.53151	1.39973	0.80322
45	1.12605	0.39332	0.65064	0.84921	1.14127	1.47351	1.84428	1.86548	2.93818	3.69539	3.684	4.17077	4.28603	4.74267	5.0391	5.0199	5.32473	5.35158	5.4943	5.99165	6.79691	6.87359	7.01837	7.13127	6.55826	6.73159	6.21213	5.87341	5.9053	5.91468	6.12082	7.08405	6.4352	6.83311	6.87419	6.82122	6.87096	7.02341	7.08181	7.08181	7.02341	6.87096	6.82122	6.87419	6.83311	6.4352	7.08405	6.12082	5.91468	5.9053	5.87341	6.21213	6.73159	6.55826	7.13127	7.01837	6.87359	6.79691	5.99165	5.4943	5.35158	5.32473	5.0199	5.0391	4.74267	4.28603	4.17077	3.684	3.69539	2.93818	1.86548	1.84428	1.47351	1.14127	0.84921	0.65064	0.39332	1.12605
