lateral	-38.5	-37.5	-36.5	-35.5	-34.5	-33.5	-32.5	-31.5	-30.5	-29.5	-28.5	-27.5	-26.5	-25.5	-24.5	-23.5	-22.5	-21.5	-20.5	-19.5	-18.5	-17.5	-16.5	-15.5	-14.5	-13.5	-12.5	-11.5	-10.5	-9.5	-8.5	-7.5	-6.5	-5.5	-4.5	-3.5	-2.5	-1.5	-0.5	0.5	1.5	2.5	3.5	4.5	5.5	6.5	7.5	8.5	9.5	10.5	11.5	12.5	13.5	14.5	15.5	16.5	17.5	18.5	19.5	20.5	21.5	22.5	23.5	24.5	25.5	26.5	27.5	28.5	29.5	30.5	31.5	32.5	33.5	34.5	35.5	36.5	37.5	38.5
DFB	mm	mm	mm	mm	mm	mm	mm	mm	mm	mm	mm	mm	mm	mm	mm	mm	mm	mm	mm	mm	mm	mm	mm	mm	mm	mm	mm	mm	mm	mm	mm	mm	mm	mm	mm	mm	mm	mm	mm	mm	mm	mm	mm	mm	mm	mm	mm	mm	mm	mm	mm	mm	mm	mm	mm	mm	mm	mm	mm	mm	mm	mm	mm	mm	mm	mm	mm	mm	mm	mm	mm	mm	mm	mm	mm	mm	mm	mm
-5	0	0.1516	0.12338	0.08581	0.04526	0.01178	0	0.07163	0.16785	0.09526	0.0389	0.01118	0	0.06137	0.00997	0	0	0	0	0.10541	0.24221	0.10704	0.27115	0.28192	0.20123	0.02783	0.0323	0	0	0	0	0	0	0	0	0.0654	0.0654	0	0	0	0	0.0654	0.0654	0	0	0	0	0	0	0	0	0.0323	0.02783	0.20123	0.28192	0.27115	0.10704	0.24221	0.10541	0	0	0	0	0.00997	0.06137	0	0.01118	0.0389	0.09526	0.16785	0.07163	0	0.01178	0.04526	0.08581	0.12338	0.1516	0.11364
-4	0	0.07422	0.13978	0.15307	0.15666	0.14818	0.13074	0.0737	0.08507	0.01206	0	0	0.35624	0.40905	0.42285	0.39666	0.36703	0.16977	0	0	0	0	0	0	0.56864	0.76343	0.63653	0.47856	0.21351	0	0	0	0	0	0	0	0	0	0	0	0	0	0	0	0	0	0	0	0	0.21351	0.47856	0.63653	0.76343	0.56864	0	0	0	0	0	0	0.16977	0.36703	0.39666	0.42285	0.40905	0.35624	0	0	0.01206	0.08507	0.0737	0.13074	0.14818	0.15666	0.15307	0.13978	0.07422	0
-3	0	0.78704	0.76289	0.70576	0.58239	0.43667	0.28513	0.34002	0.03772	0	0	0	0	0	0	0	0	0	0	0	0	0	0	0	0	0	0	0	0	0	0	0	0	0	0	0	0	0	0	0	0	0	0	0	0	0	0	0	0	0	0	0	0	0	0	0	0	0	0	0	0	0	0	0	0	0	0	0	0	0.03772	0.34002	0.28513	0.43667	0.58239	0.70576	0.76289	0.78704	0.2573
-2	0	0.29875	0.25154	0.19342	0.12445	0.06707	0.03383	0.26181	0.24497	0.23467	0	0.24096	0	0.66238	0.81556	0.80133	0.48525	0.0552	0.33575	0.29474	0	0	0	0	0.13235	1.00047	0.57663	0.29167	0	0	0	0	0	0	0	0	0	0	0	0	0	0	0	0	0	0	0	0	0	0	0.29167	0.57663	1.00047	0.13235	0	0	0	0	0.29474	0.33575	0.0552	0.48525	0.80133	0.81556	0.66238	0	0.24096	0	0.23467	0.24497	0.26181	0.03383	0.06707	0.12445	0.19342	0.25154	0.29875	0.15027
-1	0	0	0	0	0.00691	0.14208	0.20547	0.2892	0.24723	0.11869	0.12974	0	0	0	0	0.18213	0.04043	0	0	0	0	0	0	0	0	0	0	0	0	0	0	0	0	0	0	0.1589	0.1589	0	0	0	0	0.1589	0.1589	0	0	0	0	0	0	0	0	0	0	0	0	0	0	0	0	0	0	0.04043	0.18213	0	0	0	0	0.12974	0.11869	0.24723	0.2892	0.20547	0.14208	0.00691	0	0	0	0.56843
0	0.91635	0.35983	0.33688	0.28687	0.23052	0.18209	0.15306	0	0.49688	0.34944	0.75574	0.971	0.63423	0.2988	0.35126	0	0	0	0	0	0	0	0	0	0	0	0.32746	0.23042	0	0.55155	1.13611	0.6226	0.68677	0.4145	0.27532	0.24128	0.20725	0.17322	0.24433	0.24433	0.17322	0.20725	0.24128	0.27532	0.4145	0.68677	0.6226	1.13611	0.55155	0	0.23042	0.32746	0	0	0	0	0	0	0	0	0	0	0	0.35126	0.2988	0.63423	0.971	0.75574	0.34944	0.49688	0	0.15306	0.18209	0.23052	0.28687	0.33688	0.35983	0.3171
1	0	0.36397	0.37453	0.34054	0.28159	0.2274	0.1951	0.50085	0.32698	0.5272	0.27961	0	0	0.2663	0.40042	0.39603	0.06378	0	0.22957	0.26138	0	0	0	0	0	0	0	0	0	0	0	0	0	0	0	0	0	0	0	0	0	0	0	0	0	0	0	0	0	0	0	0	0	0	0	0	0	0	0.26138	0.22957	0	0.06378	0.39603	0.40042	0.2663	0	0	0.27961	0.5272	0.32698	0.50085	0.1951	0.2274	0.28159	0.34054	0.37453	0.36397	0
2	0	0	0	0	0	0	0	0	0	0	0.02639	0.26417	0	0	0	0	0	0	0	0	0	0	0	0	0	0	0	0	0	0	0	0	0	0	0	0	0	0	0	0	0	0	0	0	0	0	0	0	0	0	0	0	0	0	0	0	0	0	0	0	0	0	0	0	0	0	0.26417	0.02639	0	0	0	0	0	0	0	0	0	13.67966
3	0.04176	0.65273	0.58231	0.43477	0.29566	0.18053	0.11351	0.52339	0.55785	0.15592	0.53324	0.38757	0.35819	0	0	0	0	0	0	0	0	0	0	0.48375	1.01114	0.72606	0.43228	0.19691	0	0	0	0	0	0.10009	0.63618	1.04148	1.05399	0.67371	0.16264	0.16264	0.67371	1.05399	1.04148	0.63618	0.10009	0	0	0	0	0	0.19691	0.43228	0.72606	1.01114	0.48375	0	0	0	0	0	0	0	0	0	0	0.35819	0.38757	0.53324	0.15592	0.55785	0.52339	0.11351	0.18053	0.29566	0.43477	0.58231	0.65273	0.85772
4	0.86664	0.29508	0.34865	0.38518	0.40785	0.41968	0.42202	0.56885	0.29936	0.04884	0.37885	0.3263	0.119	0	0	0	0	0	0	0.81727	0.57742	0.8762	1.67982	1.48597	1.58195	1.70936	2.08765	1.28554	1.74862	0.37157	0.41217	0.68006	0	0	0	0	0	0	0	0	0	0	0	0	0	0	0.68006	0.41217	0.37157	1.74862	1.28554	2.08765	1.70936	1.58195	1.48597	1.67982	0.8762	0.57742	0.81727	0	0	0	0	0	0	0.119	0.3263	0.37885	0.04884	0.29936	0.56885	0.42202	0.41968	0.40785	0.38518	0.34865	0.29508	0.1997
5	0.55068	0	0	0	0	0	0	0	0	0	0	0	0	0	0	0	0	0	0	0	0	0	0	0.15109	1.68152	0.80971	0.70438	0.74488	0.37615	0.80831	0.17206	0	0.41449	0.89087	1.20193	1.49452	1.55407	1.38057	1.18861	1.18861	1.38057	1.55407	1.49452	1.20193	0.89087	0.41449	0	0.17206	0.80831	0.37615	0.74488	0.70438	0.80971	1.68152	0.15109	0	0	0	0	0	0	0	0	0	0	0	0	0	0	0	0	0	0	0	0	0	0	18.56165
6	0	0.93231	1.02029	0.99002	0.94005	0.86051	0.76122	0.38636	0.49209	0.47812	0.48096	0.587	0.78018	1.0103	1.25502	0.62798	0.79105	0.99607	0.94249	0.40778	0.99735	0.62015	1.2365	1.55952	1.74809	1.76479	1.64444	1.22048	1.13103	1.19663	0.98022	0.58259	1.37432	1.5944	1.87165	2.1647	2.19221	1.95418	1.73194	1.73194	1.95418	2.19221	2.1647	1.87165	1.5944	1.37432	0.58259	0.98022	1.19663	1.13103	1.22048	1.64444	1.76479	1.74809	1.55952	1.2365	0.62015	0.99735	0.40778	0.94249	0.99607	0.79105	0.62798	1.25502	1.0103	0.78018	0.587	0.48096	0.47812	0.49209	0.38636	0.76122	0.86051	0.94005	0.99002	1.02029	0.93231	1.16489
7	0	0.0754	0.38052	0.41534	0.65717	0.91425	1.16625	1.1877	1.38601	1.51927	1.32888	1.45806	1.16891	1.27867	1.11587	1.586	1.23367	1.55645	1.74739	1.64707	2.2286	1.54266	1.79531	1.94269	1.8465	1.84499	2.35755	2.82831	2.78442	2.95377	3.34045	2.95933	3.3069	2.689	2.42561	2.18947	2.11223	2.1939	2.30281	2.30281	2.1939	2.11223	2.18947	2.42561	2.689	3.3069	2.95933	3.34045	2.95377	2.78442	2.82831	2.35755	1.84499	1.8465	1.94269	1.79531	1.54266	2.2286	1.64707	1.74739	1.55645	1.23367	1.586	1.11587	1.27867	1.16891	1.45806	1.32888	1.51927	1.38601	1.1877	1.16625	0.91425	0.65717	0.41534	0.38052	0.0754	2.9814
8	0.49816	0.27122	0.74127	0.84316	1.19174	1.53063	1.827	1.70305	1.46336	2.02812	1.89244	1.838	1.73346	1.78876	1.58768	1.80896	2.21008	2.40767	2.45795	2.29911	2.54227	3.4347	3.6104	3.92803	4.36104	4.70351	4.87131	4.77452	4.50443	4.5842	3.95738	3.32437	2.56816	2.43236	2.35064	2.45958	2.4426	2.29972	2.34748	2.34748	2.29972	2.4426	2.45958	2.35064	2.43236	2.56816	3.32437	3.95738	4.5842	4.50443	4.77452	4.87131	4.70351	4.36104	3.92803	3.6104	3.4347	2.54227	2.29911	2.45795	2.40767	2.21008	1.80896	1.58768	1.78876	1.73346	1.838	1.89244	2.02812	1.46336	1.70305	1.827	1.53063	1.19174	0.84316	0.74127	0.27122	3.97616
9	0	1.35509	1.67367	1.70699	1.84229	1.96871	2.09188	2.07513	2.14047	2.20608	2.48586	2.53554	2.98756	3.16061	3.17322	3.25939	4.06054	4.43272	4.62056	4.66726	5.03542	5.5832	6.14691	6.66857	6.49727	6.39559	5.88861	5.902	5.4789	4.99087	4.32572	3.62448	3.45156	3.55794	3.51482	3.45469	3.46798	3.55471	3.62443	3.62443	3.55471	3.46798	3.45469	3.51482	3.55794	3.45156	3.62448	4.32572	4.99087	5.4789	5.902	5.88861	6.39559	6.49727	6.66857	6.14691	5.5832	5.03542	4.66726	4.62056	4.43272	4.06054	3.25939	3.17322	3.16061	2.98756	2.53554	2.48586	2.20608	2.14047	2.07513	2.09188	1.96871	1.84229	1.70699	1.67367	1.35509	3.16786
10	0	1.73782	2.08542	2.16225	2.31815	2.47062	2.63394	2.75501	2.82467	3.25397	3.33588	3.99151	4.33717	4.64803	4.86352	5.56834	6.00702	6.68585	7.02611	7.70039	8.10798	8.64204	8.6854	8.76413	8.22415	7.98754	7.62295	6.81904	5.66379	5.09031	4.27428	3.75492	3.76847	3.24207	3.00519	2.8446	2.7788	2.80779	2.91307	2.91307	2.80779	2.7788	2.8446	3.00519	3.24207	3.76847	3.75492	4.27428	5.09031	5.66379	6.81904	7.62295	7.98754	8.22415	8.76413	8.6854	8.64204	8.10798	7.70039	7.02611	6.68585	6.00702	5.56834	4.86352	4.64803	4.33717	3.99151	3.33588	3.25397	2.82467	2.75501	2.63394	2.47062	2.31815	2.16225	2.08542	1.73782	3.14624
11	0	1.63987	2.09994	2.12759	2.38035	2.66156	2.97875	3.30144	3.68268	3.57108	4.18716	4.93873	5.12176	5.80196	6.92435	7.36132	8.39014	8.96455	9.76534	10.18405	10.93442	10.99923	11.66206	11.34598	10.64418	10.19371	9.44405	7.96466	6.56541	5.7833	4.34927	3.8567	3.53165	3.42077	3.37048	3.43233	3.41847	3.32891	3.35147	3.35147	3.32891	3.41847	3.43233	3.37048	3.42077	3.53165	3.8567	4.34927	5.7833	6.56541	7.96466	9.44405	10.19371	10.64418	11.34598	11.66206	10.99923	10.93442	10.18405	9.76534	8.96455	8.39014	7.36132	6.92435	5.80196	5.12176	4.93873	4.18716	3.57108	3.68268	3.30144	2.97875	2.66156	2.38035	2.12759	2.09994	1.63987	4.95591
12	1.03472	1.99432	2.57703	2.68549	3.02787	3.3892	3.77494	3.60127	4.74822	4.90886	5.53951	5.53532	6.21088	7.30941	8.64674	9.92749	10.93151	12.02847	12.83334	13.21368	13.92047	13.18787	13.2215	12.02921	11.56578	10.27168	9.3228	8.37185	7.22605	6.87343	6.05211	4.92092	4.83321	4.70081	4.61569	4.59448	4.57794	4.56604	4.61807	4.61807	4.56604	4.57794	4.59448	4.61569	4.70081	4.83321	4.92092	6.05211	6.87343	7.22605	8.37185	9.3228	10.27168	11.56578	12.02921	13.2215	13.18787	13.92047	13.21368	12.83334	12.02847	10.93151	9.92749	8.64674	7.30941	6.21088	5.53532	5.53951	4.90886	4.74822	3.60127	3.77494	3.3892	3.02787	2.68549	2.57703	1.99432	5.48352
13	0.48355	3.20111	3.66321	3.68054	3.82101	3.98957	4.23177	4.61267	4.90062	5.88233	6.24649	7.57608	8.34154	9.7796	11.03983	11.98856	12.97775	13.97367	14.65794	14.80934	15.11207	15.2735	14.28761	13.52173	12.69907	11.32432	10.17728	8.73881	7.82761	6.47807	5.539	5.489	5.19713	5.12576	5.05211	5.00355	4.99463	5.02535	5.08116	5.08116	5.02535	4.99463	5.00355	5.05211	5.12576	5.19713	5.489	5.539	6.47807	7.82761	8.73881	10.17728	11.32432	12.69907	13.52173	14.28761	15.2735	15.11207	14.80934	14.65794	13.97367	12.97775	11.98856	11.03983	9.7796	8.34154	7.57608	6.24649	5.88233	4.90062	4.61267	4.23177	3.98957	3.82101	3.68054	3.66321	3.20111	5.27366
14	0.35165	3.02926	3.77701	3.89643	4.30271	4.74154	5.23271	5.70122	6.22171	6.42178	7.2512	8.52762	9.62767	10.83195	12.02117	13.9084	15.06425	15.82784	16.81315	16.92823	16.53948	15.46707	15.5633	14.27377	12.7651	11.44648	10.19955	9.80043	8.56183	7.62109	7.18927	6.3636	6.1693	5.79907	5.60266	5.48611	5.43983	5.46382	5.56767	5.56767	5.46382	5.43983	5.48611	5.60266	5.79907	6.1693	6.3636	7.18927	7.62109	8.56183	9.80043	10.19955	11.44648	12.7651	14.27377	15.5633	15.46707	16.53948	16.92823	16.81315	15.82784	15.06425	13.9084	12.02117	10.83195	9.62767	8.52762	7.2512	6.42178	6.22171	5.70122	5.23271	4.74154	4.30271	3.89643	3.77701	3.02926	7.32827
15	1.01328	3.39276	4.16135	4.12619	4.51209	4.98938	5.59345	6.21434	6.98198	8.22976	9.41917	10.57074	11.61362	13.06338	14.43464	15.36499	16.27416	17.08057	17.40169	17.40076	16.45549	16.4196	15.28593	14.6909	13.52991	12.23529	11.38553	10.36055	8.73639	8.07634	7.41867	6.64398	5.73488	6.08322	6.15362	6.31105	6.3546	6.28425	6.30093	6.30093	6.28425	6.3546	6.31105	6.15362	6.08322	5.73488	6.64398	7.41867	8.07634	8.73639	10.36055	11.38553	12.23529	13.52991	14.6909	15.28593	16.4196	16.45549	17.40076	17.40169	17.08057	16.27416	15.36499	14.43464	13.06338	11.61362	10.57074	9.41917	8.22976	6.98198	6.21434	5.59345	4.98938	4.51209	4.12619	4.16135	3.39276	9.37008
16	1.6322	4.60684	5.31529	5.29337	5.55248	5.8968	6.3957	7.35871	8.10534	9.16984	10.6389	11.78741	13.23627	14.46278	15.91539	16.86263	17.45975	18.10338	17.96025	18.21468	17.27594	16.55239	15.95006	14.96514	13.89442	12.76362	12.0874	10.98684	10.10668	9.47489	7.97464	7.34314	6.23664	5.92725	5.74987	5.83214	5.79347	5.63385	5.73388	5.73388	5.63385	5.79347	5.83214	5.74987	5.92725	6.23664	7.34314	7.97464	9.47489	10.10668	10.98684	12.0874	12.76362	13.89442	14.96514	15.95006	16.55239	17.27594	18.21468	17.96025	18.10338	17.45975	16.86263	15.91539	14.46278	13.23627	11.78741	10.6389	9.16984	8.10534	7.35871	6.3957	5.8968	5.55248	5.29337	5.31529	4.60684	8.73545
17	2.89951	4.21853	5.23788	5.44262	6.04405	6.72062	7.50767	8.32809	9.62376	10.60362	11.7779	12.93635	14.02013	15.63749	16.83176	17.68427	18.58615	18.4924	18.09601	18.19279	17.47627	16.80019	15.98705	15.15939	14.16138	13.47433	12.7658	11.87419	11.04839	10.42555	8.97304	8.04631	6.96742	6.8103	6.63232	6.63421	6.61457	6.5734	6.7121	6.7121	6.5734	6.61457	6.63421	6.63232	6.8103	6.96742	8.04631	8.97304	10.42555	11.04839	11.87419	12.7658	13.47433	14.16138	15.15939	15.98705	16.80019	17.47627	18.19279	18.09601	18.4924	18.58615	17.68427	16.83176	15.63749	14.02013	12.93635	11.7779	10.60362	9.62376	8.32809	7.50767	6.72062	6.04405	5.44262	5.23788	4.21853	9.78096
18	3.32406	4.16717	5.26812	5.44414	6.12885	6.9219	7.85616	9.03353	9.95728	11.25661	12.74528	14.22422	15.71243	16.71661	17.93016	18.65297	18.88952	18.91856	18.97275	18.54782	17.49038	17.18688	16.49838	15.32746	14.97599	13.73156	13.32555	12.0998	11.14494	10.13563	9.80775	8.72965	8.43455	8.16068	8.00116	7.93597	7.90173	7.89846	7.98951	7.98951	7.89846	7.90173	7.93597	8.00116	8.16068	8.43455	8.72965	9.80775	10.13563	11.14494	12.0998	13.32555	13.73156	14.97599	15.32746	16.49838	17.18688	17.49038	18.54782	18.97275	18.91856	18.88952	18.65297	17.93016	16.71661	15.71243	14.22422	12.74528	11.25661	9.95728	9.03353	7.85616	6.9219	6.12885	5.44414	5.26812	4.16717	11.08774
19	5.32542	5.82311	6.84129	7.01834	7.4651	7.96031	8.57368	9.22406	10.47321	11.70314	13.10134	14.91331	16.0216	17.3862	18.48163	19.34418	19.41086	19.11796	18.61743	18.01472	17.55869	17.06937	16.60561	16.01961	15.27349	14.54567	14.1855	12.98934	12.04017	10.94808	10.16068	9.15163	8.3021	8.11569	7.94911	7.94258	7.91928	7.8792	7.99918	7.99918	7.8792	7.91928	7.94258	7.94911	8.11569	8.3021	9.15163	10.16068	10.94808	12.04017	12.98934	14.1855	14.54567	15.27349	16.01961	16.60561	17.06937	17.55869	18.01472	18.61743	19.11796	19.41086	19.34418	18.48163	17.3862	16.0216	14.91331	13.10134	11.70314	10.47321	9.22406	8.57368	7.96031	7.4651	7.01834	6.84129	5.82311	10.08614
20	5.44608	5.11907	6.31336	6.55724	7.25639	8.04799	8.97865	9.9944	11.03275	13.17095	14.21837	15.56514	17.17073	18.36621	18.75836	19.25158	19.13573	19.10855	18.66923	17.79042	17.15212	17.35627	16.50175	16.12512	16.20091	15.59879	14.97649	14.14098	12.77275	12.00872	10.48921	9.41676	8.93176	8.524	8.35888	8.41553	8.36456	8.20597	8.26914	8.26914	8.20597	8.36456	8.41553	8.35888	8.524	8.93176	9.41676	10.48921	12.00872	12.77275	14.14098	14.97649	15.59879	16.20091	16.12512	16.50175	17.35627	17.15212	17.79042	18.66923	19.10855	19.13573	19.25158	18.75836	18.36621	17.17073	15.56514	14.21837	13.17095	11.03275	9.9944	8.97865	8.04799	7.25639	6.55724	6.31336	5.11907	11.46971
21	5.0277	5.41833	6.7207	7.0735	7.85119	8.69519	9.64734	10.66461	11.92244	13.23954	14.54385	15.93428	17.23913	17.94277	18.97866	19.22794	19.31587	19.25421	18.68459	17.82196	17.52388	17.25176	16.80049	17.08951	16.40175	15.83221	15.75616	14.72545	13.44784	12.72755	10.78902	8.82489	8.59395	8.13477	8.09822	8.44655	8.38916	7.92602	7.84778	7.84778	7.92602	8.38916	8.44655	8.09822	8.13477	8.59395	8.82489	10.78902	12.72755	13.44784	14.72545	15.75616	15.83221	16.40175	17.08951	16.80049	17.25176	17.52388	17.82196	18.68459	19.25421	19.31587	19.22794	18.97866	17.94277	17.23913	15.93428	14.54385	13.23954	11.92244	10.66461	9.64734	8.69519	7.85119	7.0735	6.7207	5.41833	11.48096
22	4.65515	6.48751	7.53271	7.61331	8.03817	8.55858	9.26546	10.38672	11.94538	13.47572	14.88326	16.06611	17.42257	18.27114	18.89659	18.70277	18.87276	18.4113	17.97459	18.084	17.94555	17.40431	17.50776	17.35263	17.16356	16.8227	16.26119	15.10272	14.10822	12.68237	11.59972	10.89962	10.0902	9.68147	9.41986	9.32208	9.27099	9.26659	9.42602	9.42602	9.26659	9.27099	9.32208	9.41986	9.68147	10.0902	10.89962	11.59972	12.68237	14.10822	15.10272	16.26119	16.8227	17.16356	17.35263	17.50776	17.40431	17.94555	18.084	17.97459	18.4113	18.87276	18.70277	18.89659	18.27114	17.42257	16.06611	14.88326	13.47572	11.94538	10.38672	9.26546	8.55858	8.03817	7.61331	7.53271	6.48751	11.62219
23	5.46687	6.0512	7.35562	7.5499	8.20841	8.93262	9.77733	10.54912	11.80429	13.44212	14.71041	15.91241	16.92071	18.01432	18.65552	18.73655	18.63151	18.54211	18.64197	17.6817	17.52707	17.51471	17.30338	16.99334	16.62631	16.78958	15.9766	15.21294	14.39759	13.29562	12.6692	11.83692	11.25911	11.10816	10.94352	10.85417	10.8353	10.88691	11.01382	11.01382	10.88691	10.8353	10.85417	10.94352	11.10816	11.25911	11.83692	12.6692	13.29562	14.39759	15.21294	15.9766	16.78958	16.62631	16.99334	17.30338	17.51471	17.52707	17.6817	18.64197	18.54211	18.63151	18.73655	18.65552	18.01432	16.92071	15.91241	14.71041	13.44212	11.80429	10.54912	9.77733	8.93262	8.20841	7.5499	7.35562	6.0512	13.06423
24	5.39015	5.62317	7.04685	7.20942	7.9846	8.84251	9.82007	11.02837	11.91806	13.08073	14.47645	15.59728	16.48899	17.2485	17.5826	18.09012	18.2271	18.09957	18.11806	17.7987	17.62731	17.69476	17.85772	17.77956	17.78317	17.70041	16.94157	16.65775	15.58565	14.4277	13.77479	11.84729	11.55057	11.02099	10.75581	10.67815	10.61195	10.55722	10.69	10.69	10.55722	10.61195	10.67815	10.75581	11.02099	11.55057	11.84729	13.77479	14.4277	15.58565	16.65775	16.94157	17.70041	17.78317	17.77956	17.85772	17.69476	17.62731	17.7987	18.11806	18.09957	18.2271	18.09012	17.5826	17.2485	16.48899	15.59728	14.47645	13.08073	11.91806	11.02837	9.82007	8.84251	7.9846	7.20942	7.04685	5.62317	14.65633
25	5.64419	5.33301	6.87696	7.21616	8.14624	9.12785	10.17768	10.84158	12.38761	13.43612	14.30692	15.03581	15.8588	16.50339	17.38496	17.59311	18.0004	17.90097	18.53114	18.09685	18.38598	18.26887	17.63956	17.65951	17.38816	17.62902	17.51275	16.37887	15.62896	15.24179	13.86728	12.63713	11.78116	11.29066	11.07931	11.17737	11.11606	10.89537	10.9841	10.9841	10.89537	11.11606	11.17737	11.07931	11.29066	11.78116	12.63713	13.86728	15.24179	15.62896	16.37887	17.51275	17.62902	17.38816	17.65951	17.63956	18.26887	18.38598	18.09685	18.53114	17.90097	18.0004	17.59311	17.38496	16.50339	15.8588	15.03581	14.30692	13.43612	12.38761	10.84158	10.17768	9.12785	8.14624	7.21616	6.87696	5.33301	14.05788
26	5.12056	6.09063	7.37933	7.65053	8.29369	8.96739	9.72346	10.54128	11.4572	12.69731	13.86971	14.69339	15.51752	16.2466	16.69961	17.0503	17.50634	17.92244	17.87834	17.9816	18.16636	18.55003	18.69178	18.5695	18.03685	17.76609	17.13753	16.98424	15.71014	14.80814	13.48866	12.64977	12.4195	12.18201	12.15148	12.3221	12.29241	12.06242	12.03357	12.03357	12.06242	12.29241	12.3221	12.15148	12.18201	12.4195	12.64977	13.48866	14.80814	15.71014	16.98424	17.13753	17.76609	18.03685	18.5695	18.69178	18.55003	18.16636	17.9816	17.87834	17.92244	17.50634	17.0503	16.69961	16.2466	15.51752	14.69339	13.86971	12.69731	11.4572	10.54128	9.72346	8.96739	8.29369	7.65053	7.37933	6.09063	11.98761
27	4.35134	5.52076	6.80663	6.96358	7.6417	8.39801	9.27752	10.41369	11.62307	12.56983	13.51856	14.34889	15.18241	15.72256	16.66062	16.67265	16.99406	17.38046	17.80586	17.91322	18.14633	17.91699	18.32094	18.52772	18.10868	18.15624	18.01703	17.14055	16.40887	15.74903	14.478	13.57207	13.02165	12.72334	12.651	12.84301	12.80572	12.53914	12.53689	12.53689	12.53914	12.80572	12.84301	12.651	12.72334	13.02165	13.57207	14.478	15.74903	16.40887	17.14055	18.01703	18.15624	18.10868	18.52772	18.32094	17.91699	18.14633	17.91322	17.80586	17.38046	16.99406	16.67265	16.66062	15.72256	15.18241	14.34889	13.51856	12.56983	11.62307	10.41369	9.27752	8.39801	7.6417	6.96358	6.80663	5.52076	13.21958
28	4.42731	5.46532	6.77323	7.03303	7.7204	8.43175	9.20055	9.99446	10.77577	11.43866	12.60586	13.21503	14.49165	15.07385	16.00978	16.58127	17.17391	17.75371	17.86678	18.13931	18.33717	18.3017	18.47236	18.15376	18.36148	17.98858	17.37913	17.35364	16.7078	16.1352	14.83369	14.36188	13.46953	13.06709	12.93929	13.13143	13.08113	12.78837	12.81557	12.81557	12.78837	13.08113	13.13143	12.93929	13.06709	13.46953	14.36188	14.83369	16.1352	16.7078	17.35364	17.37913	17.98858	18.36148	18.15376	18.47236	18.3017	18.33717	18.13931	17.86678	17.75371	17.17391	16.58127	16.00978	15.07385	14.49165	13.21503	12.60586	11.43866	10.77577	9.99446	9.20055	8.43175	7.7204	7.03303	6.77323	5.46532	12.17914
29	4.34839	5.49211	6.62702	6.74596	7.26746	7.83546	8.50059	9.45447	10.22857	10.8643	12.12957	12.65981	13.84824	14.51217	15.49781	16.10416	16.72837	17.04825	17.98416	17.84329	18.35021	18.45962	18.7177	18.99614	18.58662	18.28571	18.19827	17.62173	16.99364	15.93155	15.39915	14.24612	14.94923	14.66217	14.69497	14.84015	14.80427	14.58733	14.48276	14.48276	14.58733	14.80427	14.84015	14.69497	14.66217	14.94923	14.24612	15.39915	15.93155	16.99364	17.62173	18.19827	18.28571	18.58662	18.99614	18.7177	18.45962	18.35021	17.84329	17.98416	17.04825	16.72837	16.10416	15.49781	14.51217	13.84824	12.65981	12.12957	10.8643	10.22857	9.45447	8.50059	7.83546	7.26746	6.74596	6.62702	5.49211	11.80512
30	4.0803	4.72238	5.93003	6.31311	7.02858	7.75673	8.52086	9.24471	9.89146	10.83335	11.34837	12.38722	13.53182	14.14736	15.30072	15.90759	16.61776	17.25725	17.99723	18.1676	18.32208	18.38625	18.66322	19.04582	18.68889	18.6428	17.91528	17.65342	17.01883	16.39764	15.45832	15.06206	15.12897	15.04377	15.12279	15.33896	15.32831	15.09084	14.99052	14.99052	15.09084	15.32831	15.33896	15.12279	15.04377	15.12897	15.06206	15.45832	16.39764	17.01883	17.65342	17.91528	18.6428	18.68889	19.04582	18.66322	18.38625	18.32208	18.1676	17.99723	17.25725	16.61776	15.90759	15.30072	14.14736	13.53182	12.38722	11.34837	10.83335	9.89146	9.24471	8.52086	7.75673	7.02858	6.31311	5.93003	4.72238	9.81053
31	3.53773	4.58341	5.64021	5.72193	6.26691	6.8885	7.62639	8.65863	9.39857	10.30607	11.65656	12.40798	13.34292	13.9119	14.22269	15.49617	15.7798	16.78413	17.35421	17.62664	18.02947	18.41795	18.72269	18.60116	18.36086	17.94524	17.42248	17.40728	16.8666	16.5947	15.8094	15.44098	15.2836	15.41756	15.61319	15.99309	16.00983	15.66343	15.50129	15.50129	15.66343	16.00983	15.99309	15.61319	15.41756	15.2836	15.44098	15.8094	16.5947	16.8666	17.40728	17.42248	17.94524	18.36086	18.60116	18.72269	18.41795	18.02947	17.62664	17.35421	16.78413	15.7798	15.49617	14.22269	13.9119	13.34292	12.40798	11.65656	10.30607	9.39857	8.65863	7.62639	6.8885	6.26691	5.72193	5.64021	4.58341	11.38188
32	3.05826	3.9166	4.943	5.01666	5.61191	6.31042	7.14269	8.33041	9.09502	10.19121	11.1785	12.22705	12.50113	13.18967	14.40453	14.72511	15.38147	16.01999	16.84364	17.52255	17.62782	18.56745	18.9153	19.15718	18.62134	18.54074	18.03139	17.34557	16.61794	15.13497	15.16931	15.09095	15.35965	15.764	16.17224	16.71131	16.76186	16.32388	16.01672	16.01672	16.32388	16.76186	16.71131	16.17224	15.764	15.35965	15.09095	15.16931	15.13497	16.61794	17.34557	18.03139	18.54074	18.62134	19.15718	18.9153	18.56745	17.62782	17.52255	16.84364	16.01999	15.38147	14.72511	14.40453	13.18967	12.50113	12.22705	11.1785	10.19121	9.09502	8.33041	7.14269	6.31042	5.61191	5.01666	4.943	3.9166	11.19983
33	3.51843	4.11221	5.06839	5.21046	5.72889	6.30774	6.98143	7.8415	8.62228	9.37625	10.61509	11.30739	12.27667	12.80597	13.69472	14.46584	14.75154	15.68322	16.23734	16.73071	17.37071	17.96968	18.64911	18.72945	18.84675	18.46069	18.24688	17.63438	16.7263	16.3011	15.35541	15.05573	15.36962	15.4312	15.70511	16.18053	16.18823	15.72821	15.46969	15.46969	15.72821	16.18823	16.18053	15.70511	15.4312	15.36962	15.05573	15.35541	16.3011	16.7263	17.63438	18.24688	18.46069	18.84675	18.72945	18.64911	17.96968	17.37071	16.73071	16.23734	15.68322	14.75154	14.46584	13.69472	12.80597	12.27667	11.30739	10.61509	9.37625	8.62228	7.8415	6.98143	6.30774	5.72889	5.21046	5.06839	4.11221	9.60642
34	2.4722	4.20521	5.03426	5.18323	5.58721	6.03125	6.55911	7.33409	7.84237	8.53892	9.82627	10.28665	11.29175	12.3534	13.08229	13.76123	14.73494	15.74995	16.76415	17.28425	17.51461	17.69892	18.20514	18.23513	17.91633	18.36251	17.36486	16.95582	15.9692	15.66426	15.53758	14.68384	15.13078	15.29584	15.6737	16.28735	16.30798	15.7356	15.399	15.399	15.7356	16.30798	16.28735	15.6737	15.29584	15.13078	14.68384	15.53758	15.66426	15.9692	16.95582	17.36486	18.36251	17.91633	18.23513	18.20514	17.69892	17.51461	17.28425	16.76415	15.74995	14.73494	13.76123	13.08229	12.3534	11.29175	10.28665	9.82627	8.53892	7.84237	7.33409	6.55911	6.03125	5.58721	5.18323	5.03426	4.20521	8.1017
35	1.86646	3.39356	4.30302	4.45926	4.9953	5.58597	6.25106	6.97989	7.58205	8.27143	9.34361	10.11416	10.79732	11.83421	12.40994	13.25241	13.8315	14.84148	15.28645	15.92554	15.94845	16.72356	17.38607	17.58538	17.53879	18.01916	17.4435	17.71874	16.5759	16.32031	15.62493	15.23239	14.79904	15.15288	15.46847	16.02557	16.0698	15.60116	15.37403	15.37403	15.60116	16.0698	16.02557	15.46847	15.15288	14.79904	15.23239	15.62493	16.32031	16.5759	17.71874	17.4435	18.01916	17.53879	17.58538	17.38607	16.72356	15.94845	15.92554	15.28645	14.84148	13.8315	13.25241	12.40994	11.83421	10.79732	10.11416	9.34361	8.27143	7.58205	6.97989	6.25106	5.58597	4.9953	4.45926	4.30302	3.39356	8.8566
36	2.11606	3.04355	3.93841	4.0995	4.65017	5.25386	5.92275	6.59722	7.16514	7.9503	8.80062	9.37883	9.98548	10.83347	11.38454	12.43336	13.3916	14.29676	14.325	15.15558	15.52546	16.5425	16.99044	17.42188	17.36244	17.54249	17.18537	17.29112	17.00369	16.69844	15.53263	15.46475	15.73781	16.04951	16.36712	16.80517	16.84413	16.48401	16.24432	16.24432	16.48401	16.84413	16.80517	16.36712	16.04951	15.73781	15.46475	15.53263	16.69844	17.00369	17.29112	17.18537	17.54249	17.36244	17.42188	16.99044	16.5425	15.52546	15.15558	14.325	14.29676	13.3916	12.43336	11.38454	10.83347	9.98548	9.37883	8.80062	7.9503	7.16514	6.59722	5.92275	5.25386	4.65017	4.0995	3.93841	3.04355	8.60327
37	1.62	3.07211	3.85616	4.0745	4.54294	5.0369	5.57437	6.13595	6.62028	7.21145	7.97734	8.68639	9.29009	10.10646	10.88379	12.091	12.67886	13.36191	14.56352	14.82005	15.28802	16.04943	16.50253	16.8833	16.72602	17.17739	16.83926	16.98105	15.87873	15.85449	15.53956	14.41617	14.95939	15.25376	15.67815	16.31863	16.35542	15.78853	15.43774	15.43774	15.78853	16.35542	16.31863	15.67815	15.25376	14.95939	14.41617	15.53956	15.85449	15.87873	16.98105	16.83926	17.17739	16.72602	16.8833	16.50253	16.04943	15.28802	14.82005	14.56352	13.36191	12.67886	12.091	10.88379	10.10646	9.29009	8.68639	7.97734	7.21145	6.62028	6.13595	5.57437	5.0369	4.54294	4.0745	3.85616	3.07211	6.75101
38	1.58231	2.35374	3.11432	3.41933	3.97319	4.56209	5.19128	6.02481	6.33705	6.82296	7.64795	8.09122	8.96601	10.06564	10.27003	11.35433	12.31167	13.0923	13.7938	14.27919	15.00323	15.46076	16.06597	15.82652	16.24767	16.25956	15.63953	15.68352	15.71529	15.04278	14.07463	14.2466	15.15632	14.92392	15.12844	15.48832	15.45927	15.04129	14.77867	14.77867	15.04129	15.45927	15.48832	15.12844	14.92392	15.15632	14.2466	14.07463	15.04278	15.71529	15.68352	15.63953	16.25956	16.24767	15.82652	16.06597	15.46076	15.00323	14.27919	13.7938	13.0923	12.31167	11.35433	10.27003	10.06564	8.96601	8.09122	7.64795	6.82296	6.33705	6.02481	5.19128	4.56209	3.97319	3.41933	3.11432	2.35374	5.65321
39	1.05931	2.5418	3.21681	3.48834	3.92888	4.38229	4.86108	5.1691	5.89728	6.24842	6.89101	7.68685	8.0275	8.85261	9.55753	10.13223	11.09991	11.56048	12.67459	12.95901	13.93416	14.62842	15.00648	15.86485	15.37778	16.12448	15.63847	15.5816	15.18132	14.78717	14.70924	14.88338	14.98149	15.13144	15.30791	15.55656	15.57531	15.36414	15.22516	15.22516	15.36414	15.57531	15.55656	15.30791	15.13144	14.98149	14.88338	14.70924	14.78717	15.18132	15.5816	15.63847	16.12448	15.37778	15.86485	15.00648	14.62842	13.93416	12.95901	12.67459	11.56048	11.09991	10.13223	9.55753	8.85261	8.0275	7.68685	6.89101	6.24842	5.89728	5.1691	4.86108	4.38229	3.92888	3.48834	3.21681	2.5418	4.96606
40	0.54167	2.17709	2.7718	3.02417	3.43729	3.87486	4.34894	4.90013	5.43437	5.80181	6.21526	7.17861	7.49447	8.31607	9.07018	9.66452	10.37833	11.22985	11.78236	12.59745	13.01248	13.27665	14.03841	14.47064	14.71298	14.39217	14.47573	14.55569	14.20782	13.9072	13.29899	13.73818	13.01345	13.3874	13.64711	14.09868	14.14542	13.78734	13.62111	13.62111	13.78734	14.14542	14.09868	13.64711	13.3874	13.01345	13.73818	13.29899	13.9072	14.20782	14.55569	14.47573	14.39217	14.71298	14.47064	14.03841	13.27665	13.01248	12.59745	11.78236	11.22985	10.37833	9.66452	9.07018	8.31607	7.49447	7.17861	6.21526	5.80181	5.43437	4.90013	4.34894	3.87486	3.43729	3.02417	2.7718	2.17709	4.31753
41	0.10704	1.84838	2.42802	2.63472	3.05458	3.51387	4.01984	4.59254	5.09385	5.70932	6.20485	6.3001	6.76262	7.4504	7.79841	8.24235	8.70776	10.23394	11.39388	11.80978	12.48749	13.59413	13.65832	13.65464	13.7963	14.07204	13.56584	13.76037	13.1207	13.26646	13.32121	12.50494	13.30369	13.26955	13.50457	13.87556	13.8713	13.49176	13.2482	13.2482	13.49176	13.8713	13.87556	13.50457	13.26955	13.30369	12.50494	13.32121	13.26646	13.1207	13.76037	13.56584	14.07204	13.7963	13.65464	13.65832	13.59413	12.48749	11.80978	11.39388	10.23394	8.70776	8.24235	7.79841	7.4504	6.76262	6.3001	6.20485	5.70932	5.09385	4.59254	4.01984	3.51387	3.05458	2.63472	2.42802	1.84838	4.62734
42	0.07941	1.77612	2.2583	2.4336	2.7569	3.10292	3.48181	3.86817	4.2278	4.66423	5.19342	5.65349	6.36001	6.88264	7.30643	7.74531	8.64495	9.40005	10.19261	10.79768	11.39061	12.25734	12.76609	13.4407	13.80428	13.76917	13.28211	12.86817	12.69226	12.54117	11.72616	11.27543	11.27329	11.56914	11.86027	12.31985	12.35684	11.97121	11.75405	11.75405	11.97121	12.35684	12.31985	11.86027	11.56914	11.27329	11.27543	11.72616	12.54117	12.69226	12.86817	13.28211	13.76917	13.80428	13.4407	12.76609	12.25734	11.39061	10.79768	10.19261	9.40005	8.64495	7.74531	7.30643	6.88264	6.36001	5.65349	5.19342	4.66423	4.2278	3.86817	3.48181	3.10292	2.7569	2.4336	2.2583	1.77612	3.79234
43	0.60315	1.90004	2.29801	2.37271	2.57772	2.80316	3.06739	3.15566	3.77551	4.10742	4.69311	5.44073	5.30306	5.97899	6.15156	6.97144	7.86934	8.80452	9.38149	9.99808	10.79683	11.16185	11.9781	12.64234	12.45683	12.89902	12.48093	12.80905	12.35376	12.27154	11.85744	11.53948	10.8405	10.9033	10.89247	11.00577	11.01362	10.91602	10.94255	10.94255	10.91602	11.01362	11.00577	10.89247	10.9033	10.8405	11.53948	11.85744	12.27154	12.35376	12.80905	12.48093	12.89902	12.45683	12.64234	11.9781	11.16185	10.79683	9.99808	9.38149	8.80452	7.86934	6.97144	6.15156	5.97899	5.30306	5.44073	4.69311	4.10742	3.77551	3.15566	3.06739	2.80316	2.57772	2.37271	2.29801	1.90004	3.8506
44	0.85444	1.04889	1.55654	1.80174	2.20899	2.62264	3.03086	3.48346	3.18112	3.99155	3.87421	4.39496	4.81293	5.46468	5.902	6.84683	7.19516	8.04588	8.4864	8.61148	9.17603	10.31415	10.30542	11.08747	11.53269	11.95166	12.00054	11.91025	11.257	11.18972	10.52451	9.65506	10.99523	10.73486	10.81693	10.90685	10.87431	10.71929	10.57212	10.57212	10.71929	10.87431	10.90685	10.81693	10.73486	10.99523	9.65506	10.52451	11.18972	11.257	11.91025	12.00054	11.95166	11.53269	11.08747	10.30542	10.31415	9.17603	8.61148	8.4864	8.04588	7.19516	6.84683	5.902	5.46468	4.81293	4.39496	3.87421	3.99155	3.18112	3.48346	3.03086	2.62264	2.20899	1.80174	1.55654	1.04889	3.22126
45	0	1.43019	1.69512	1.82606	2.00171	2.20168	2.44538	2.9208	3.24586	3.51131	3.88672	4.30215	4.46667	4.84383	5.20308	5.73081	6.02457	6.94673	7.48731	8.36053	9.0034	9.56881	9.97425	9.91169	10.42359	10.92994	11.07086	10.62834	10.1034	10.06544	10.46095	9.70813	9.35726	9.03851	8.90683	8.93268	8.89284	8.78731	8.8393	8.8393	8.78731	8.89284	8.93268	8.90683	9.03851	9.35726	9.70813	10.46095	10.06544	10.1034	10.62834	11.07086	10.92994	10.42359	9.91169	9.97425	9.56881	9.0034	8.36053	7.48731	6.94673	6.02457	5.73081	5.20308	4.84383	4.46667	4.30215	3.88672	3.51131	3.24586	2.9208	2.44538	2.20168	2.00171	1.82606	1.69512	1.43019	1.88448
