lateral	-38.5	-37.5	-36.5	-35.5	-34.5	-33.5	-32.5	-31.5	-30.5	-29.5	-28.5	-27.5	-26.5	-25.5	-24.5	-23.5	-22.5	-21.5	-20.5	-19.5	-18.5	-17.5	-16.5	-15.5	-14.5	-13.5	-12.5	-11.5	-10.5	-9.5	-8.5	-7.5	-6.5	-5.5	-4.5	-3.5	-2.5	-1.5	-0.5	0.5	1.5	2.5	3.5	4.5	5.5	6.5	7.5	8.5	9.5	10.5	11.5	12.5	13.5	14.5	15.5	16.5	17.5	18.5	19.5	20.5	21.5	22.5	23.5	24.5	25.5	26.5	27.5	28.5	29.5	30.5	31.5	32.5	33.5	34.5	35.5	36.5	37.5	38.5
DFB	mm	mm	mm	mm	mm	mm	mm	mm	mm	mm	mm	mm	mm	mm	mm	mm	mm	mm	mm	mm	mm	mm	mm	mm	mm	mm	mm	mm	mm	mm	mm	mm	mm	mm	mm	mm	mm	mm	mm	mm	mm	mm	mm	mm	mm	mm	mm	mm	mm	mm	mm	mm	mm	mm	mm	mm	mm	mm	mm	mm	mm	mm	mm	mm	mm	mm	mm	mm	mm	mm	mm	mm	mm	mm	mm	mm	mm	mm
-5	0.00287	0.04079	0.06172	0.08103	0.09388	0.09921	0.09518	0	0.0765	0.24626	0.25706	0.21205	0.14902	0.13361	0.10325	0.13451	0	0	0	0	0	0	0	0	0	0	0	0	0	0	0	0	0	0	0	0	0	0	0	0	0	0	0	0	0	0	0	0	0	0	0	0	0	0	0	0	0	0	0	0	0	0	0.13451	0.10325	0.13361	0.14902	0.21205	0.25706	0.24626	0.0765	0	0.09518	0.09921	0.09388	0.08103	0.06172	0.04079	0.00287
-4	0	0.00894	0.22183	0.2538	0.28158	0.283	0.26714	0.18814	0.26837	0.15393	0	0	0	0.00845	0	0	0	0	0	0	0	0	0	8.43268	9.27076	9.255	9.2759	7.55474	5.42804	2.10547	0	0	0	0	0	0	0	0	0	0	0	0	0	0	0	0	0	0	2.10547	5.42804	7.55474	9.2759	9.255	9.27076	8.43268	0	0	0	0	0	0	0	0	0	0.00845	0	0	0	0.15393	0.26837	0.18814	0.26714	0.283	0.28158	0.2538	0.22183	0.00894	0
-3	0	0	0	0.09398	0.17337	0.23475	0.27296	0.23574	0.08048	0.13008	0.01391	0.19178	0.00466	0.10098	0.21794	0.24293	0.11096	0.12509	0	0	0	0	0	0	0.0481	0	0.14365	1.27339	1.38378	1.73118	1.56585	1.56784	0	0	0	0	0	0	0	0	0	0	0	0	0	0	1.56784	1.56585	1.73118	1.38378	1.27339	0.14365	0	0.0481	0	0	0	0	0	0	0.12509	0.11096	0.24293	0.21794	0.10098	0.00466	0.19178	0.01391	0.13008	0.08048	0.23574	0.27296	0.23475	0.17337	0.09398	0	0	0
-2	0.16042	0.11592	0.21512	0.29445	0.36323	0.40398	0.40737	0.22656	0	0.18996	0	0	0	0	0	0	0.37885	0.34289	0.28417	0.15352	0	0	0	0	0	0	0	0	0	0.27397	0.83765	0.68315	0.58756	0.65209	0.57472	0.42327	0.43134	0.59892	0.69243	0.69243	0.59892	0.43134	0.42327	0.57472	0.65209	0.58756	0.68315	0.83765	0.27397	0	0	0	0	0	0	0	0	0	0.15352	0.28417	0.34289	0.37885	0	0	0	0	0	0	0.18996	0	0.22656	0.40737	0.40398	0.36323	0.29445	0.21512	0.11592	0.16042
-1	2.66872	0	0	0	0	0	0.03253	0.6427	0.30782	0.27946	0.24386	0.22158	0	0	0.03122	0	0	0.10067	0.14922	0.05968	0	0	0.39346	0.41828	0.13922	0.39325	0.02854	0	0	0	0	0	0	0	0	0	0	0	0	0	0	0	0	0	0	0	0	0	0	0	0	0.02854	0.39325	0.13922	0.41828	0.39346	0	0	0.05968	0.14922	0.10067	0	0	0.03122	0	0	0.22158	0.24386	0.27946	0.30782	0.6427	0.03253	0	0	0	0	0	2.66872
0	0	0	0.10452	0.15372	0.18734	0.20991	0.2222	0.29336	0.24124	0.16529	0	0	0	0	0.1508	0.12738	0.03872	0.13648	0	0.02587	0.12304	0.02348	0	0	0	0	0	0	0	0	0	0	0	0.05821	0.12581	0.11606	0.12334	0.14764	0.09459	0.09459	0.14764	0.12334	0.11606	0.12581	0.05821	0	0	0	0	0	0	0	0	0	0	0	0.02348	0.12304	0.02587	0	0.13648	0.03872	0.12738	0.1508	0	0	0	0	0.16529	0.24124	0.29336	0.2222	0.20991	0.18734	0.15372	0.10452	0	0
1	0.02692	0.26526	0.26365	0.25532	0.21838	0.16919	0.11208	0.04039	0	0	0	0	0	0	0.07748	0.25391	0.48844	0.45067	0.45242	0.2833	0.09447	0	0	0	0	0	0	0	0.77432	1.73184	1.61431	1.69014	1.43668	1.14341	0.78416	0.60836	0.57171	0.67419	0.96012	0.96012	0.67419	0.57171	0.60836	0.78416	1.14341	1.43668	1.69014	1.61431	1.73184	0.77432	0	0	0	0	0	0	0	0.09447	0.2833	0.45242	0.45067	0.48844	0.25391	0.07748	0	0	0	0	0	0	0.04039	0.11208	0.16919	0.21838	0.25532	0.26365	0.26526	0.02692
2	0.04104	0.4363	0.427	0.40711	0.34047	0.25527	0.15937	0	0	0.00853	0	0	0.43935	0.55946	0.69181	0.55478	0.51873	0.33493	0.03694	0	0	0	0	0	0	0	0	0	0	0	0	0	0	0	0	0	0	0	0	0	0	0	0	0	0	0	0	0	0	0	0	0	0	0	0	0	0	0	0	0.03694	0.33493	0.51873	0.55478	0.69181	0.55946	0.43935	0	0	0.00853	0	0	0.15937	0.25527	0.34047	0.40711	0.427	0.4363	0.04104
3	0.00441	0	0.02851	0.22081	0.35291	0.46297	0.52205	0.38406	0.16588	0.0039	0.1344	0	0	0.15689	0.29445	0.28406	0.65966	0.65727	0.51605	0.35373	0.26017	0	0.28241	0.03946	0.04316	0.15255	0	0	0.06216	0	0	0	0	0	0	0	0	0	0	0	0	0	0	0	0	0	0	0	0	0.06216	0	0	0.15255	0.04316	0.03946	0.28241	0	0.26017	0.35373	0.51605	0.65727	0.65966	0.28406	0.29445	0.15689	0	0	0.1344	0.0039	0.16588	0.38406	0.52205	0.46297	0.35291	0.22081	0.02851	0	0.00441
4	0	5.574	5.38202	4.11879	2.28392	0.34375	0	0	0	0	0	0	0	0	0	0	0	0	0	0	0	0	0	0	0	0	0	0	0	0	0	0	0	0	0	0	0	0	0	0	0	0	0	0	0	0	0	0	0	0	0	0	0	0	0	0	0	0	0	0	0	0	0	0	0	0	0	0	0	0	0	0	0.34375	2.28392	4.11879	5.38202	5.574	0
5	0.04524	0.12108	0.15002	0.1761	0.1944	0.20715	0.21429	0.27028	0.06943	0.20398	0.03457	0.25714	0.26247	0.22029	0.66234	0.57321	0.95189	0.47733	0.44631	0.74269	0.57087	0.52875	0.17085	0.3654	0.34335	0.25524	0.13016	0	0	0	0	0.36285	1.66539	1.69444	1.80207	1.72133	1.72496	1.81296	1.7126	1.7126	1.81296	1.72496	1.72133	1.80207	1.69444	1.66539	0.36285	0	0	0	0	0.13016	0.25524	0.34335	0.3654	0.17085	0.52875	0.57087	0.74269	0.44631	0.47733	0.95189	0.57321	0.66234	0.22029	0.26247	0.25714	0.03457	0.20398	0.06943	0.27028	0.21429	0.20715	0.1944	0.1761	0.15002	0.12108	0.04524
6	0	0.05455	0.14053	0.21384	0.27601	0.31727	0.33098	0.19561	0.20268	0	0	0	0	0.16642	0.73893	1.06717	1.21395	1.35008	1.18325	0.70921	0.90733	0.0983	0	0	0.19307	0.28867	0.63096	0.55881	1.1244	1.28546	1.0559	1.10843	1.69994	1.44456	1.40974	1.36317	1.33124	1.31397	1.28494	1.28494	1.31397	1.33124	1.36317	1.40974	1.44456	1.69994	1.10843	1.0559	1.28546	1.1244	0.55881	0.63096	0.28867	0.19307	0	0	0.0983	0.90733	0.70921	1.18325	1.35008	1.21395	1.06717	0.73893	0.16642	0	0	0	0	0.20268	0.19561	0.33098	0.31727	0.27601	0.21384	0.14053	0.05455	0
7	0.07061	0	0.09782	0.24437	0.37923	0.4981	0.58424	0.59079	0.31133	0.29312	0.34043	0.49148	0.75463	0.97948	0.91544	1.51053	1.39531	1.53712	0.82699	0.49833	0	0	0	0	0.25787	0.5993	0.44466	0.91493	0.94808	1.53887	0.84957	1.65335	1.56271	1.77163	1.79004	1.69796	1.72407	1.86839	1.90221	1.90221	1.86839	1.72407	1.69796	1.79004	1.77163	1.56271	1.65335	0.84957	1.53887	0.94808	0.91493	0.44466	0.5993	0.25787	0	0	0	0	0.49833	0.82699	1.53712	1.39531	1.51053	0.91544	0.97948	0.75463	0.49148	0.34043	0.29312	0.31133	0.59079	0.58424	0.4981	0.37923	0.24437	0.09782	0	0.07061
8	0	0.47575	0.69055	0.67322	0.61264	0.52392	0.43564	0.51281	0.22911	0.26315	0.48175	0.74443	0.46833	0.99724	1.36955	1.40356	1.36766	1.22495	1.04603	0.68404	0.39445	0.35331	0.1892	0.31918	0.28521	0.77016	0.47197	0.52803	0.95532	1.02162	1.0197	1.63008	1.17102	1.41997	1.42878	1.37588	1.407	1.52213	1.57557	1.57557	1.52213	1.407	1.37588	1.42878	1.41997	1.17102	1.63008	1.0197	1.02162	0.95532	0.52803	0.47197	0.77016	0.28521	0.31918	0.1892	0.35331	0.39445	0.68404	1.04603	1.22495	1.36766	1.40356	1.36955	0.99724	0.46833	0.74443	0.48175	0.26315	0.22911	0.51281	0.43564	0.52392	0.61264	0.67322	0.69055	0.47575	0
9	0.62735	0.04689	0.15705	0.21693	0.32381	0.43459	0.54282	0.6238	0.49162	0.7944	0.89314	0.85595	0.85223	1.0353	1.27617	1.27092	1.024	1.15102	0.87649	0.41808	0.3474	0.55268	0.19508	0.16267	0.83092	0.76844	0.7447	1.08409	1.168	0.96851	0.90292	0.95888	1.12511	1.12397	1.16501	1.21609	1.21595	1.16458	1.12325	1.12325	1.16458	1.21595	1.21609	1.16501	1.12397	1.12511	0.95888	0.90292	0.96851	1.168	1.08409	0.7447	0.76844	0.83092	0.16267	0.19508	0.55268	0.3474	0.41808	0.87649	1.15102	1.024	1.27092	1.27617	1.0353	0.85223	0.85595	0.89314	0.7944	0.49162	0.6238	0.54282	0.43459	0.32381	0.21693	0.15705	0.04689	0.62735
10	0.35019	0	0.01968	0.35006	0.5924	0.81626	0.96941	0.68221	0.48385	0.64933	0.58869	0.51549	0.84086	1.20008	1.54272	1.72939	2.08942	1.99667	1.43933	1.05462	0.43539	0.43223	0.0688	0.22071	0.22978	0.46002	0.65375	0.39418	0.7472	1.07157	0.80864	1.26127	1.79975	2.1199	2.27965	2.28916	2.32918	2.39971	2.32	2.32	2.39971	2.32918	2.28916	2.27965	2.1199	1.79975	1.26127	0.80864	1.07157	0.7472	0.39418	0.65375	0.46002	0.22978	0.22071	0.0688	0.43223	0.43539	1.05462	1.43933	1.99667	2.08942	1.72939	1.54272	1.20008	0.84086	0.51549	0.58869	0.64933	0.48385	0.68221	0.96941	0.81626	0.5924	0.35006	0.01968	0	0.35019
11	1.04021	0.34983	0.52972	0.61152	0.72632	0.81725	0.87478	0.76487	0.81032	0.35531	0.2504	0.41222	0.58047	0.85808	1.10647	1.56893	1.92311	1.91789	1.86517	1.2129	1.14615	0.25984	0.33481	0.34308	0.8539	0.96606	0.78194	1.60646	1.84285	1.64064	0.99987	1.65746	1.89414	1.69038	1.57617	1.38374	1.35827	1.49976	1.56303	1.56303	1.49976	1.35827	1.38374	1.57617	1.69038	1.89414	1.65746	0.99987	1.64064	1.84285	1.60646	0.78194	0.96606	0.8539	0.34308	0.33481	0.25984	1.14615	1.2129	1.86517	1.91789	1.92311	1.56893	1.10647	0.85808	0.58047	0.41222	0.2504	0.35531	0.81032	0.76487	0.87478	0.81725	0.72632	0.61152	0.52972	0.34983	1.04021
12	0	0.64567	0.80106	0.90822	0.95567	0.97004	0.95901	0.98059	0.63675	0.6975	0.88223	1.08676	0.91315	1.03479	1.42976	1.49095	1.79965	1.80711	1.71165	1.34053	1.16935	1.14459	0.58403	0.82366	0.58052	0.41706	1.0864	0.9187	1.87949	1.65953	1.29611	1.81464	2.15585	1.9347	1.80795	1.58573	1.55809	1.72503	1.79649	1.79649	1.72503	1.55809	1.58573	1.80795	1.9347	2.15585	1.81464	1.29611	1.65953	1.87949	0.9187	1.0864	0.41706	0.58052	0.82366	0.58403	1.14459	1.16935	1.34053	1.71165	1.80711	1.79965	1.49095	1.42976	1.03479	0.91315	1.08676	0.88223	0.6975	0.63675	0.98059	0.95901	0.97004	0.95567	0.90822	0.80106	0.64567	0
13	0	0.093	0.75157	0.98864	1.20289	1.32237	1.35304	0.90174	0.91055	0.7134	0.55902	0.57458	0.78349	0.97638	1.40623	1.78683	1.93977	1.75627	1.75385	1.3491	1.74221	1.37022	1.33112	1.31962	1.37306	1.37874	1.31417	1.05326	1.20492	1.13749	1.45321	1.42215	1.64081	1.76861	1.86521	1.93952	1.95549	1.91313	1.84848	1.84848	1.91313	1.95549	1.93952	1.86521	1.76861	1.64081	1.42215	1.45321	1.13749	1.20492	1.05326	1.31417	1.37874	1.37306	1.31962	1.33112	1.37022	1.74221	1.3491	1.75385	1.75627	1.93977	1.78683	1.40623	0.97638	0.78349	0.57458	0.55902	0.7134	0.91055	0.90174	1.35304	1.32237	1.20289	0.98864	0.75157	0.093	0
14	0.92017	0.8093	0.91965	0.94369	0.95256	0.93972	0.91229	0.87787	0.71489	0.63404	0.72424	0.93286	0.94068	1.34595	1.88767	1.87454	1.90128	2.05074	1.77545	1.79658	1.39082	0.90354	0.80069	0.94631	1.04977	1.36303	1.55581	1.57626	1.78981	1.96818	2.13882	2.44113	2.21581	2.01102	1.91288	1.85446	1.82886	1.83609	1.88302	1.88302	1.83609	1.82886	1.85446	1.91288	2.01102	2.21581	2.44113	2.13882	1.96818	1.78981	1.57626	1.55581	1.36303	1.04977	0.94631	0.80069	0.90354	1.39082	1.79658	1.77545	2.05074	1.90128	1.87454	1.88767	1.34595	0.94068	0.93286	0.72424	0.63404	0.71489	0.87787	0.91229	0.93972	0.95256	0.94369	0.91965	0.8093	0.92017
15	1.29883	0.61631	0.78708	0.8401	0.92616	0.99743	1.05295	0.92041	1.12341	0.90865	1.09505	1.16368	1.13311	1.26657	1.60409	1.99971	2.2842	2.01333	1.30347	1.42526	1.53394	1.21236	1.04927	0.69675	0.88756	1.21163	1.60488	1.82477	2.34576	1.4217	1.52881	2.27987	2.33759	1.94227	1.80039	1.69049	1.64108	1.65215	1.69519	1.69519	1.65215	1.64108	1.69049	1.80039	1.94227	2.33759	2.27987	1.52881	1.4217	2.34576	1.82477	1.60488	1.21163	0.88756	0.69675	1.04927	1.21236	1.53394	1.42526	1.30347	2.01333	2.2842	1.99971	1.60409	1.26657	1.13311	1.16368	1.09505	0.90865	1.12341	0.92041	1.05295	0.99743	0.92616	0.8401	0.78708	0.61631	1.29883
16	0.08076	0.88609	0.99552	1.10175	1.13025	1.12444	1.09234	1.05244	0.95197	0.81194	0.79621	1.05848	0.97479	1.03931	1.31843	1.4723	1.85361	2.00364	1.49855	1.80961	1.71119	1.72024	1.50263	1.72688	1.48902	1.53136	2.08391	2.09055	2.42382	1.78377	1.44884	1.80283	1.72373	1.36834	1.33432	1.46958	1.42515	1.20105	1.14622	1.14622	1.20105	1.42515	1.46958	1.33432	1.36834	1.72373	1.80283	1.44884	1.78377	2.42382	2.09055	2.08391	1.53136	1.48902	1.72688	1.50263	1.72024	1.71119	1.80961	1.49855	2.00364	1.85361	1.4723	1.31843	1.03931	0.97479	1.05848	0.79621	0.81194	0.95197	1.05244	1.09234	1.12444	1.13025	1.10175	0.99552	0.88609	0.08076
17	0	0.14845	0.48556	0.77022	1.03779	1.25187	1.39286	1.22019	1.12595	0.80248	0.73961	1.23509	0.87366	1.2993	1.34094	1.82702	2.22051	2.09501	2.02212	1.84136	1.75867	1.51023	1.50878	1.96892	1.73816	1.94953	1.59138	1.74093	1.86561	2.12287	1.77323	2.4374	2.26274	2.55003	2.61945	2.6054	2.64131	2.72719	2.72958	2.72958	2.72719	2.64131	2.6054	2.61945	2.55003	2.26274	2.4374	1.77323	2.12287	1.86561	1.74093	1.59138	1.94953	1.73816	1.96892	1.50878	1.51023	1.75867	1.84136	2.02212	2.09501	2.22051	1.82702	1.34094	1.2993	0.87366	1.23509	0.73961	0.80248	1.12595	1.22019	1.39286	1.25187	1.03779	0.77022	0.48556	0.14845	0
18	0.4901	0.69891	0.86785	0.99504	1.08888	1.14898	1.17418	0.87538	1.13857	0.8643	1.26187	1.1804	0.96862	1.31663	1.47734	1.84055	1.86667	1.80124	1.629	1.37473	1.42846	1.16559	1.41238	1.47054	1.6448	1.55376	1.81363	2.44882	2.78477	2.21333	2.0998	1.93299	1.52923	1.3736	1.29795	1.33393	1.31447	1.23959	1.27634	1.27634	1.23959	1.31447	1.33393	1.29795	1.3736	1.52923	1.93299	2.0998	2.21333	2.78477	2.44882	1.81363	1.55376	1.6448	1.47054	1.41238	1.16559	1.42846	1.37473	1.629	1.80124	1.86667	1.84055	1.47734	1.31663	0.96862	1.1804	1.26187	0.8643	1.13857	0.87538	1.17418	1.14898	1.08888	0.99504	0.86785	0.69891	0.4901
19	0	0.72704	1.08713	1.19204	1.22855	1.20955	1.15901	1.21363	0.82725	0.78576	0.73777	0.87919	1.14082	1.19405	1.32182	1.41691	1.856	1.7717	1.80019	1.49555	1.05631	1.68151	1.14136	1.37301	1.56878	1.45308	1.84734	1.96744	2.40821	2.31309	2.33591	2.79411	2.48486	2.87863	2.93252	2.8702	2.91942	3.08019	3.12473	3.12473	3.08019	2.91942	2.8702	2.93252	2.87863	2.48486	2.79411	2.33591	2.31309	2.40821	1.96744	1.84734	1.45308	1.56878	1.37301	1.14136	1.68151	1.05631	1.49555	1.80019	1.7717	1.856	1.41691	1.32182	1.19405	1.14082	0.87919	0.73777	0.78576	0.82725	1.21363	1.15901	1.20955	1.22855	1.19204	1.08713	0.72704	0
20	1.18762	0.95029	1.02689	0.98924	0.94047	0.87488	0.80586	0.75361	0.71497	0.50629	0.57626	1.02899	1.09912	1.17809	1.57162	1.78015	1.78395	1.31883	1.59775	1.68256	1.28992	1.3978	1.40111	1.86203	1.55369	1.54692	1.94262	1.76824	1.18394	2.00376	1.68814	2.98908	1.88638	2.46137	2.55613	2.58699	2.65886	2.77175	2.82074	2.82074	2.77175	2.65886	2.58699	2.55613	2.46137	1.88638	2.98908	1.68814	2.00376	1.18394	1.76824	1.94262	1.54692	1.55369	1.86203	1.40111	1.3978	1.28992	1.68256	1.59775	1.31883	1.78395	1.78015	1.57162	1.17809	1.09912	1.02899	0.57626	0.50629	0.71497	0.75361	0.80586	0.87488	0.94047	0.98924	1.02689	0.95029	1.18762
21	0.92414	0.88773	1.01514	1.05296	1.06379	1.04274	0.99579	0.96776	0.65184	0.46611	0.79537	0.77476	0.84379	1.3815	1.71555	2.05257	2.21008	1.82729	1.83331	1.56529	1.22438	0.81014	1.01785	0.906	1.15658	1.50355	1.79742	1.96908	2.25639	2.00633	2.48075	2.43731	1.99968	2.16214	2.15917	2.1505	2.1708	2.2201	2.26368	2.26368	2.2201	2.1708	2.1505	2.15917	2.16214	1.99968	2.43731	2.48075	2.00633	2.25639	1.96908	1.79742	1.50355	1.15658	0.906	1.01785	0.81014	1.22438	1.56529	1.83331	1.82729	2.21008	2.05257	1.71555	1.3815	0.84379	0.77476	0.79537	0.46611	0.65184	0.96776	0.99579	1.04274	1.06379	1.05296	1.01514	0.88773	0.92414
22	0	0.66713	0.99405	1.037	1.01299	0.9355	0.83331	0.66614	0.53876	0.60821	0.76053	0.73517	0.70309	1.07459	1.35404	1.70422	1.96444	1.51368	1.3992	1.43243	1.41441	1.05158	1.07279	1.05343	1.18613	1.47959	1.55661	1.62539	1.84003	1.67193	1.97531	2.46132	2.46115	2.51084	2.51695	2.46808	2.47429	2.53558	2.5419	2.5419	2.53558	2.47429	2.46808	2.51695	2.51084	2.46115	2.46132	1.97531	1.67193	1.84003	1.62539	1.55661	1.47959	1.18613	1.05343	1.07279	1.05158	1.41441	1.43243	1.3992	1.51368	1.96444	1.70422	1.35404	1.07459	0.70309	0.73517	0.76053	0.60821	0.53876	0.66614	0.83331	0.9355	1.01299	1.037	0.99405	0.66713	0
23	1.05522	0.90296	0.96845	0.92767	0.8653	0.77916	0.68112	0.39993	0.4232	0.42234	0.49189	0.79408	0.89301	1.31513	1.62546	2.05195	2.22496	2.07833	1.74996	1.39857	1.5626	1.20807	1.153	1.10544	0.79323	0.96869	1.07688	1.40949	1.39889	1.72955	2.20009	2.74159	2.61975	2.68917	2.61405	2.42287	2.43155	2.64008	2.73257	2.73257	2.64008	2.43155	2.42287	2.61405	2.68917	2.61975	2.74159	2.20009	1.72955	1.39889	1.40949	1.07688	0.96869	0.79323	1.10544	1.153	1.20807	1.5626	1.39857	1.74996	2.07833	2.22496	2.05195	1.62546	1.31513	0.89301	0.79408	0.49189	0.42234	0.4232	0.39993	0.68112	0.77916	0.8653	0.92767	0.96845	0.90296	1.05522
24	0.15447	0.19458	0.38257	0.56311	0.7364	0.88098	0.98338	0.81865	0.9035	0.66472	0.89546	0.92328	0.69673	1.03156	1.21553	1.37316	1.842	1.91262	1.45972	1.29259	1.59	1.16678	1.1498	1.24098	1.05134	0.98048	1.18132	1.28556	2.04419	2.14499	2.0287	2.63658	2.95059	2.85249	2.76653	2.56352	2.55126	2.72975	2.79118	2.79118	2.72975	2.55126	2.56352	2.76653	2.85249	2.95059	2.63658	2.0287	2.14499	2.04419	1.28556	1.18132	0.98048	1.05134	1.24098	1.1498	1.16678	1.59	1.29259	1.45972	1.91262	1.842	1.37316	1.21553	1.03156	0.69673	0.92328	0.89546	0.66472	0.9035	0.81865	0.98338	0.88098	0.7364	0.56311	0.38257	0.19458	0.15447
25	0.76615	0.33896	0.48596	0.56191	0.6553	0.72819	0.77404	0.79167	0.46356	0.54736	0.47104	0.74434	1.02392	1.27767	1.37623	1.5317	1.61824	1.65318	1.08197	0.82866	0.82596	0.87345	0.58064	0.88557	1.12785	1.1789	1.38751	2.07569	2.56728	2.27063	1.91228	2.90705	2.74239	2.53663	2.408	2.25768	2.23196	2.33084	2.40803	2.40803	2.33084	2.23196	2.25768	2.408	2.53663	2.74239	2.90705	1.91228	2.27063	2.56728	2.07569	1.38751	1.1789	1.12785	0.88557	0.58064	0.87345	0.82596	0.82866	1.08197	1.65318	1.61824	1.5317	1.37623	1.27767	1.02392	0.74434	0.47104	0.54736	0.46356	0.79167	0.77404	0.72819	0.6553	0.56191	0.48596	0.33896	0.76615
26	0.24119	0.10327	0.31095	0.50492	0.7081	0.88561	1.02085	0.82653	0.93356	0.92253	1.08232	1.10922	0.77075	1.10029	0.94508	1.28465	1.58502	1.40704	0.93242	0.72688	1.17659	1.00574	1.12864	1.21611	1.70987	1.63622	1.62258	1.90899	2.0538	1.50562	1.85989	1.5072	2.12708	1.9046	1.82705	1.68613	1.65832	1.74361	1.76555	1.76555	1.74361	1.65832	1.68613	1.82705	1.9046	2.12708	1.5072	1.85989	1.50562	2.0538	1.90899	1.62258	1.63622	1.70987	1.21611	1.12864	1.00574	1.17659	0.72688	0.93242	1.40704	1.58502	1.28465	0.94508	1.10029	0.77075	1.10922	1.08232	0.92253	0.93356	0.82653	1.02085	0.88561	0.7081	0.50492	0.31095	0.10327	0.24119
27	1.02631	0.26179	0.34806	0.34138	0.38468	0.43186	0.48278	0.53453	0.46602	0.51695	0.64045	0.66996	0.76674	1.30451	1.55084	1.69356	1.79581	1.98093	1.27669	1.22376	0.98891	0.85097	0.42411	0.77153	0.55462	0.97814	1.04996	1.53495	1.70846	1.8013	1.31252	2.02099	2.29036	2.12767	2.09947	2.05235	2.03201	2.03846	2.02599	2.02599	2.03846	2.03201	2.05235	2.09947	2.12767	2.29036	2.02099	1.31252	1.8013	1.70846	1.53495	1.04996	0.97814	0.55462	0.77153	0.42411	0.85097	0.98891	1.22376	1.27669	1.98093	1.79581	1.69356	1.55084	1.30451	0.76674	0.66996	0.64045	0.51695	0.46602	0.53453	0.48278	0.43186	0.38468	0.34138	0.34806	0.26179	1.02631
28	2.1656	0	0.09677	0.21428	0.40025	0.58733	0.7344	0.46289	0.35512	0.44578	0.40602	0.58249	1.2688	1.21855	1.24081	1.45026	1.73966	1.66886	1.48354	0.66061	0.57005	0.56418	0.72344	0.61382	1.25853	0.88847	1.05972	1.25908	1.31189	1.54335	1.88574	1.75044	1.83512	1.98669	1.96868	1.83786	1.85681	2.02551	2.08141	2.08141	2.02551	1.85681	1.83786	1.96868	1.98669	1.83512	1.75044	1.88574	1.54335	1.31189	1.25908	1.05972	0.88847	1.25853	0.61382	0.72344	0.56418	0.57005	0.66061	1.48354	1.66886	1.73966	1.45026	1.24081	1.21855	1.2688	0.58249	0.40602	0.44578	0.35512	0.46289	0.7344	0.58733	0.40025	0.21428	0.09677	0	2.1656
29	0.58741	0.44681	0.46807	0.43123	0.38983	0.34148	0.29359	0	0.26667	0.44304	0.38656	1.15398	0.69038	1.70124	1.40159	1.8103	1.50651	1.4367	0.8763	0.60701	0.88432	0.91507	0.56491	1.22965	0.847	1.25219	0.78296	1.18654	0.91022	1.23726	1.31254	1.50524	1.48837	1.54352	1.55721	1.54799	1.55488	1.57789	1.57798	1.57798	1.57789	1.55488	1.54799	1.55721	1.54352	1.48837	1.50524	1.31254	1.23726	0.91022	1.18654	0.78296	1.25219	0.847	1.22965	0.56491	0.91507	0.88432	0.60701	0.8763	1.4367	1.50651	1.8103	1.40159	1.70124	0.69038	1.15398	0.38656	0.44304	0.26667	0	0.29359	0.34148	0.38983	0.43123	0.46807	0.44681	0.58741
30	0	0.33356	0.59588	0.6167	0.60263	0.55063	0.48178	0.46115	0.41645	0.15999	0.07908	0.22729	0.46646	0.90397	0.98034	1.75908	1.51937	1.35753	1.2668	1.26715	0.94189	0.80332	0.75021	0.94715	1.01435	0.93893	1.10945	1.26986	1.14456	1.22599	1.32809	1.0825	0.98391	1.24303	1.32146	1.36866	1.40105	1.41863	1.40498	1.40498	1.41863	1.40105	1.36866	1.32146	1.24303	0.98391	1.0825	1.32809	1.22599	1.14456	1.26986	1.10945	0.93893	1.01435	0.94715	0.75021	0.80332	0.94189	1.26715	1.2668	1.35753	1.51937	1.75908	0.98034	0.90397	0.46646	0.22729	0.07908	0.15999	0.41645	0.46115	0.48178	0.55063	0.60263	0.6167	0.59588	0.33356	0
31	0.09731	0.92745	0.93143	0.92239	0.82723	0.70535	0.57429	0.37991	0.57559	0.2669	0.2883	0.3984	0.67131	0.65655	1.08009	1.15311	1.44747	1.47369	1.18201	0.73907	0.71356	0.5498	0.19948	0.32575	0.34202	0.1969	0.43572	0.57761	1.81924	1.65817	1.48771	1.93276	2.3351	2.46494	2.43654	2.21009	2.22632	2.48523	2.54609	2.54609	2.48523	2.22632	2.21009	2.43654	2.46494	2.3351	1.93276	1.48771	1.65817	1.81924	0.57761	0.43572	0.1969	0.34202	0.32575	0.19948	0.5498	0.71356	0.73907	1.18201	1.47369	1.44747	1.15311	1.08009	0.65655	0.67131	0.3984	0.2883	0.2669	0.57559	0.37991	0.57429	0.70535	0.82723	0.92239	0.93143	0.92745	0.09731
32	3.32056	0	0	0	0	0	0.60929	6.512	7.157	7.35208	6.51937	5.21596	3.85923	1.86897	0	0	0	0	0	0	0	0	0	0	0	0	0	0	0	0	0	0	0	0	0	0	0	0	0	0	0	0	0	0	0	0	0	0	0	0	0	0	0	0	0	0	0	0	0	0	0	0	0	0	1.86897	3.85923	5.21596	6.51937	7.35208	7.157	6.512	0.60929	0	0	0	0	0	3.32056
33	0	0.42478	0.44267	0.38092	0.28439	0.18661	0.10942	0.26613	0.02482	0.27296	0.49307	0.30387	0.36372	0.66147	1.10309	1.60139	1.41654	1.11952	0.89122	0.73961	0.20368	0.23525	0.55576	0.15255	9.36081E-4	0.54346	1.06259	1.08268	1.21008	1.74081	1.19951	1.18929	1.49529	1.64019	1.71057	1.72153	1.73964	1.76491	1.73075	1.73075	1.76491	1.73964	1.72153	1.71057	1.64019	1.49529	1.18929	1.19951	1.74081	1.21008	1.08268	1.06259	0.54346	9.36081E-4	0.15255	0.55576	0.23525	0.20368	0.73961	0.89122	1.11952	1.41654	1.60139	1.10309	0.66147	0.36372	0.30387	0.49307	0.27296	0.02482	0.26613	0.10942	0.18661	0.28439	0.38092	0.44267	0.42478	0
34	3.04914	0	0.05477	0	0	0.08468	0.19636	0.33683	0.16129	0.08959	0	0.1346	0.3536	0.95691	0.7405	1.13466	1.11538	1.29809	1.01624	0.72517	0.38128	0.3834	0.48062	0.39421	0.41178	0.48268	0	0.55031	0.45504	0.56373	0.91381	0.30519	0.9831	1.25476	1.35858	1.30427	1.33823	1.46045	1.42455	1.42455	1.46045	1.33823	1.30427	1.35858	1.25476	0.9831	0.30519	0.91381	0.56373	0.45504	0.55031	0	0.48268	0.41178	0.39421	0.48062	0.3834	0.38128	0.72517	1.01624	1.29809	1.11538	1.13466	0.7405	0.95691	0.3536	0.1346	0	0.08959	0.16129	0.33683	0.19636	0.08468	0	0	0.05477	0	3.04914
35	0.28995	0.46854	0.52279	0.54788	0.54445	0.5219	0.48412	0.36939	0.44513	0.17037	0.29248	0.16796	0.33137	0.40007	0.7066	1.17583	1.07712	0.94367	0.77361	0.71258	0.46768	0.56714	0.50765	0.43885	0	0.12792	0.15267	0.6015	0	0.57602	0.62127	0.70954	1.6438	1.95635	2.16485	2.21519	2.25426	2.28205	2.15169	2.15169	2.28205	2.25426	2.21519	2.16485	1.95635	1.6438	0.70954	0.62127	0.57602	0	0.6015	0.15267	0.12792	0	0.43885	0.50765	0.56714	0.46768	0.71258	0.77361	0.94367	1.07712	1.17583	0.7066	0.40007	0.33137	0.16796	0.29248	0.17037	0.44513	0.36939	0.48412	0.5219	0.54445	0.54788	0.52279	0.46854	0.28995
36	0.52077	0.21019	0.27449	0.29402	0.33373	0.37335	0.41296	0.50985	0.51174	0.14283	0.49493	0.3299	0.40709	0.14697	0.64133	0.68559	0.854	0.3063	1.47811	0.81895	0.49731	0.47879	0.67416	0.59695	0	0.10029	0.19776	0.52943	0.75524	0	0.16267	0.19439	1.00654	1.28465	1.52923	1.69508	1.72984	1.63353	1.45848	1.45848	1.63353	1.72984	1.69508	1.52923	1.28465	1.00654	0.19439	0.16267	0	0.75524	0.52943	0.19776	0.10029	0	0.59695	0.67416	0.47879	0.49731	0.81895	1.47811	0.3063	0.854	0.68559	0.64133	0.14697	0.40709	0.3299	0.49493	0.14283	0.51174	0.50985	0.41296	0.37335	0.33373	0.29402	0.27449	0.21019	0.52077
37	0	0.29779	0.38803	0.40395	0.39101	0.36098	0.32362	0.32918	0.40025	0	0	0.27557	0.51991	0.74933	0.63009	0.83515	0.80093	1.35448	0.57446	0.58799	0.39045	0	0.14149	0.37593	0.29313	0.53474	0.36314	0.49486	0.83069	1.15522	0.45663	0.38785	0.63521	0.52601	0.54617	0.61433	0.60068	0.50522	0.45776	0.45776	0.50522	0.60068	0.61433	0.54617	0.52601	0.63521	0.38785	0.45663	1.15522	0.83069	0.49486	0.36314	0.53474	0.29313	0.37593	0.14149	0	0.39045	0.58799	0.57446	1.35448	0.80093	0.83515	0.63009	0.74933	0.51991	0.27557	0	0	0.40025	0.32918	0.32362	0.36098	0.39101	0.40395	0.38803	0.29779	0
38	0.00993	0.19025	0.24901	0.30754	0.3468	0.37074	0.37723	0.36697	0.1597	0.22314	0.23242	0.15975	0.24288	0.54259	0.50052	0.67663	0.93421	0.91792	0.47006	0.19183	0	0.07287	0	0	0	0	0.51294	0.20186	0.70298	0.69044	0.02437	0.55307	0.61106	0.83844	0.98928	1.14044	1.16886	1.07454	0.98056	0.98056	1.07454	1.16886	1.14044	0.98928	0.83844	0.61106	0.55307	0.02437	0.69044	0.70298	0.20186	0.51294	0	0	0	0	0.07287	0	0.19183	0.47006	0.91792	0.93421	0.67663	0.50052	0.54259	0.24288	0.15975	0.23242	0.22314	0.1597	0.36697	0.37723	0.37074	0.3468	0.30754	0.24901	0.19025	0.00993
39	0.11166	0.22014	0.32486	0.41458	0.48045	0.51415	0.50783	0.18251	0.0286	0.19454	0.41089	0.3948	0.32213	0.22619	0.61415	0.77615	1.16391	0.59458	0.67694	0.25086	0.42984	0.47147	0.23211	0.08611	0.02081	0.27632	0.37128	0.14483	0.50055	0	0.61426	0.46389	0.9949	0.88878	0.89968	0.87211	0.85884	0.85988	0.82245	0.82245	0.85988	0.85884	0.87211	0.89968	0.88878	0.9949	0.46389	0.61426	0	0.50055	0.14483	0.37128	0.27632	0.02081	0.08611	0.23211	0.47147	0.42984	0.25086	0.67694	0.59458	1.16391	0.77615	0.61415	0.22619	0.32213	0.3948	0.41089	0.19454	0.0286	0.18251	0.50783	0.51415	0.48045	0.41458	0.32486	0.22014	0.11166
40	0.18006	0.01815	0.19217	0.34854	0.50669	0.63063	0.70238	0.59013	0.4308	0.02359	0.22204	0	0	0.05159	0.43709	0.87368	0.35464	0.74921	0.86957	0.65645	0.30545	0	0.10669	0	0	0.20313	0.22996	0.14312	0	0	0.32519	0.25277	0.17491	0.2057	0.22602	0.26465	0.2685	0.23757	0.22494	0.22494	0.23757	0.2685	0.26465	0.22602	0.2057	0.17491	0.25277	0.32519	0	0	0.14312	0.22996	0.20313	0	0	0.10669	0	0.30545	0.65645	0.86957	0.74921	0.35464	0.87368	0.43709	0.05159	0	0	0.22204	0.02359	0.4308	0.59013	0.70238	0.63063	0.50669	0.34854	0.19217	0.01815	0.18006
41	0.64589	0.0492	0.16114	0.20857	0.28768	0.34978	0.38436	0.29992	0.31515	0	0	0	0	0.00378	0.09862	0.98986	0.89641	0.80518	0.83242	0.52992	0.1159	0	0	0	0	0	0	0	0.63647	0.64359	0.84879	0.21244	0	0	0	0	0	0	0	0	0	0	0	0	0	0	0.21244	0.84879	0.64359	0.63647	0	0	0	0	0	0	0	0.1159	0.52992	0.83242	0.80518	0.89641	0.98986	0.09862	0.00378	0	0	0	0	0.31515	0.29992	0.38436	0.34978	0.28768	0.20857	0.16114	0.0492	0.64589
42	1.61571	0.06414	0.18477	0.14448	0.19745	0.24335	0.27182	0.05525	0.08945	0	0	0	0	0.12167	0.48406	0.66159	0.75358	0.84311	0.44771	0.05546	0	0	0	0	0	0	0.06186	0.15863	0.59171	0.51544	0.65275	0.34378	0.7195	0.67624	0.62193	0.48011	0.4747	0.6057	0.6492	0.6492	0.6057	0.4747	0.48011	0.62193	0.67624	0.7195	0.34378	0.65275	0.51544	0.59171	0.15863	0.06186	0	0	0	0	0	0	0.05546	0.44771	0.84311	0.75358	0.66159	0.48406	0.12167	0	0	0	0	0.08945	0.05525	0.27182	0.24335	0.19745	0.14448	0.18477	0.06414	1.61571
43	0	0.26649	0.42536	0.33423	0.22998	0.12495	0.05502	0.30594	0.4242	0.52071	0.17347	0.29761	0.21669	0.2537	0.59591	0.65478	0.18672	0.33707	0	0.38512	0	0	0	0	0	0	0	0	0.05186	0.47153	0.403	0.47584	0.52861	0.9714	1.0765	1.03129	1.08664	1.24255	1.24815	1.24815	1.24255	1.08664	1.03129	1.0765	0.9714	0.52861	0.47584	0.403	0.47153	0.05186	0	0	0	0	0	0	0	0	0.38512	0	0.33707	0.18672	0.65478	0.59591	0.2537	0.21669	0.29761	0.17347	0.52071	0.4242	0.30594	0.05502	0.12495	0.22998	0.33423	0.42536	0.26649	0
44	0.39256	3.55798	2.90127	2.16484	1.09606	0.01919	0	0	0	0	0	0	0	0	0	0	0	0	0	0	0	0	0	0	0	0	0	0	0	0	0	0	0	0	0	0	0	0	0	0	0	0	0	0	0	0	0	0	0	0	0	0	0	0	0	0	0	0	0	0	0	0	0	0	0	0	0	0	0	0	0	0	0.01919	1.09606	2.16484	2.90127	3.55798	0.39256
45	1.51464	0	0	0	0	0	0.44319	0.84122	0.69092	0.57741	0.47619	0.63475	0.36168	0.06897	0	0	0	0	0.05231	0	0	0	0	0.18346	0	0	0.07287	0.19632	0	0	0	0	0	0	0	0	0	0	0	0	0	0	0	0	0	0	0	0	0	0	0.19632	0.07287	0	0	0.18346	0	0	0	0	0.05231	0	0	0	0	0.06897	0.36168	0.63475	0.47619	0.57741	0.69092	0.84122	0.44319	0	0	0	0	0	1.51464
