lateral	-38.5	-37.5	-36.5	-35.5	-34.5	-33.5	-32.5	-31.5	-30.5	-29.5	-28.5	-27.5	-26.5	-25.5	-24.5	-23.5	-22.5	-21.5	-20.5	-19.5	-18.5	-17.5	-16.5	-15.5	-14.5	-13.5	-12.5	-11.5	-10.5	-9.5	-8.5	-7.5	-6.5	-5.5	-4.5	-3.5	-2.5	-1.5	-0.5	0.5	1.5	2.5	3.5	4.5	5.5	6.5	7.5	8.5	9.5	10.5	11.5	12.5	13.5	14.5	15.5	16.5	17.5	18.5	19.5	20.5	21.5	22.5	23.5	24.5	25.5	26.5	27.5	28.5	29.5	30.5	31.5	32.5	33.5	34.5	35.5
DFB	mm	mm	mm	mm	mm	mm	mm	mm	mm	mm	mm	mm	mm	mm	mm	mm	mm	mm	mm	mm	mm	mm	mm	mm	mm	mm	mm	mm	mm	mm	mm	mm	mm	mm	mm	mm	mm	mm	mm	mm	mm	mm	mm	mm	mm	mm	mm	mm	mm	mm	mm	mm	mm	mm	mm	mm	mm	mm	mm	mm	mm	mm	mm	mm	mm	mm	mm	mm	mm	mm	mm	mm	mm	mm	mm
mm																																																																											
-5	2280.466	-1	-1	-1	-1	-1	-1	-1	-1	-1	-1	-1	-1	-1	-1	1586.707	-1	-1	-1	-1	-1	-1	-1	-1	-1	-1	-1	-1	-1	-1	-1	-1	-1	-1	-1	-1	-1	-1	-1	-1	-1	-1	-1	-1	-1	-1	-1	-1	-1	-1	-1	-1	-1	-1	-1	-1	-1	-1	-1	-1	-1	-1	1586.707	-1	-1	-1	-1	-1	-1	-1	-1	-1	-1	-1	-1
-4	1899.778	2041.779	2110.318	2072.722	2025.578	2069.238	2043.225	1707.689	1264.291	1538.73	1440.161	1858.91	-1	-1	-1	-1	-1	-1	-1	-1	-1	-1	-1	-1	-1	-1	-1	-1	-1	1998.348	1804.157	1716.134	1374.07	1548.41	1678.239	1799.625	1813.962	1726.107	1639.423	1639.423	1726.107	1813.962	1799.625	1678.239	1548.41	1374.07	1716.134	1804.157	1998.348	-1	-1	-1	-1	-1	-1	-1	-1	-1	-1	-1	-1	-1	-1	-1	-1	-1	1858.91	1440.161	1538.73	1264.291	1707.689	2043.225	2069.238	2025.578	2072.722
-3	2404.852	1919.862	2028.369	2117.158	-1	-1	-1	-1	-1	1949.947	1878.222	1815.634	1998.586	1878.413	1741.483	1603.29	1887.635	1664.769	1868.315	1467.452	1562.306	1159.831	-1	-1	1750.367	-1	-1	-1	-1	-1	2304.176	-1	-1	-1	-1	-1	-1	-1	-1	-1	-1	-1	-1	-1	-1	-1	-1	2304.176	-1	-1	-1	-1	-1	1750.367	-1	-1	1159.831	1562.306	1467.452	1868.315	1664.769	1887.635	1603.29	1741.483	1878.413	1998.586	1815.634	1878.222	1949.947	-1	-1	-1	-1	-1	2117.158
-2	1924.458	-1	-1	-1	-1	-1	-1	-1	-1	-1	1901.202	1932.756	1935.831	1647.615	1543.186	1623.3	1650.893	1318.127	1620.166	-1	-1	-1	-1	-1	-1	-1	-1	-1	-1	-1	-1	-1	-1	-1	2047.901	-1	1979.38	2003.853	2044.409	2044.409	2003.853	1979.38	-1	2047.901	-1	-1	-1	-1	-1	-1	-1	-1	-1	-1	-1	-1	-1	-1	-1	1620.166	1318.127	1650.893	1623.3	1543.186	1647.615	1935.831	1932.756	1901.202	-1	-1	-1	-1	-1	-1	-1
-1	2661.642	1615.246	1768.354	1901.199	2054.216	2214.38	-1	-1	-1	1827.85	2097.822	1424.711	1373.369	1240.7	969.034	1329.1	1516.6	1370.48	1147.419	1481.883	-1	-1	-1	-1	-1	-1	-1	-1	-1	-1	-1	-1	-1	-1	-1	-1	-1	-1	-1	-1	-1	-1	-1	-1	-1	-1	-1	-1	-1	-1	-1	-1	-1	-1	-1	-1	-1	-1	1481.883	1147.419	1370.48	1516.6	1329.1	969.034	1240.7	1373.369	1424.711	2097.822	1827.85	-1	-1	-1	2214.38	2054.216	1901.199
0	1684.605	1866.82	1894.442	1963.803	1990.174	-1	-1	-1	-1	1973.629	-1	-1	1655.572	1291.799	1166.531	1160.085	1118.086	1188.819	1472.39	1734.689	-1	-1	-1	-1	-1	-1	-1	-1	-1	-1	-1	-1	-1	-1	-1	-1	-1	-1	-1	-1	-1	-1	-1	-1	-1	-1	-1	-1	-1	-1	-1	-1	-1	-1	-1	-1	-1	-1	1734.689	1472.39	1188.819	1118.086	1160.085	1166.531	1291.799	1655.572	-1	-1	1973.629	-1	-1	-1	-1	1990.174	1963.803
1	1332.63	1721.091	1859.169	2058.511	2127.951	2148.838	2140.801	-1	-1	-1	-1	1531.536	1667.255	1474.096	1190.142	1421.55	1283.927	1249.433	1438.88	1524.32	1490.767	-1	-1	1267.599	-1	-1	-1	-1	-1	-1	-1	-1	-1	-1	-1	-1	-1	-1	-1	-1	-1	-1	-1	-1	-1	-1	-1	-1	-1	-1	-1	-1	-1	-1	1267.599	-1	-1	1490.767	1524.32	1438.88	1249.433	1283.927	1421.55	1190.142	1474.096	1667.255	1531.536	-1	-1	-1	-1	2140.801	2148.838	2127.951	2058.511
2	2284.565	1014.321	1247.86	1287.203	1369.239	1459.741	1571.079	1886.119	1215.736	1043.616	1766.097	1788.804	1436.207	1206.456	1148.532	1115.315	1113.277	-1	1022.829	-1	-1	1005.02	1139.069	1693.742	1646.373	-1	1932.979	1287.555	1887.819	1758.251	1663.591	1810.767	1349.502	1832.223	2044.673	2232.043	2284.968	2222.293	2145.476	2145.476	2222.293	2284.968	2232.043	2044.673	1832.223	1349.502	1810.767	1663.591	1758.251	1887.819	1287.555	1932.979	-1	1646.373	1693.742	1139.069	1005.02	-1	-1	1022.829	-1	1113.277	1115.315	1148.532	1206.456	1436.207	1788.804	1766.097	1043.616	1215.736	1886.119	1571.079	1459.741	1369.239	1287.203
3	1436.59	1383.791	1514.567	1498.298	1364.774	1368.634	1380.763	1705.601	1791.601	1358.234	1856.334	1779.938	1344.312	-1	-1	-1	-1	-1	-1	-1	-1	1155.6	1296.952	1398.1	1630.64	1622.929	1675.667	1715.384	1542.549	1335.383	1482.462	1660.422	1512.282	1985.743	2233.952	2382.199	2444.484	2414.776	2286.459	2286.459	2414.776	2444.484	2382.199	2233.952	1985.743	1512.282	1660.422	1482.462	1335.383	1542.549	1715.384	1675.667	1622.929	1630.64	1398.1	1296.952	1155.6	-1	-1	-1	-1	-1	-1	-1	-1	1344.312	1779.938	1856.334	1358.234	1791.601	1705.601	1380.763	1368.634	1364.774	1498.298
4	-1	1452.668	1394.982	1403.687	1311.317	1174.481	1043.654	-1	-1	-1	1288.541	1236.783	1212.647	1046.933	-1	-1	-1	-1	-1	-1	-1	1148.426	1281.296	1295.131	1566.173	1671.192	1994.288	1853.279	2113.235	1648.031	1847.09	1794.87	1649.774	1672.163	1706.608	1785	1786.461	1713.069	1684.658	1684.658	1713.069	1786.461	1785	1706.608	1672.163	1649.774	1794.87	1847.09	1648.031	2113.235	1853.279	1994.288	1671.192	1566.173	1295.131	1281.296	1148.426	-1	-1	-1	-1	-1	-1	-1	1046.933	1212.647	1236.783	1288.541	-1	-1	-1	1043.654	1174.481	1311.317	1403.687
5	1463.234	-1	-1	-1	-1	1000.692	1059.5	1118.541	-1	1135.284	1102.296	1126.958	1128.655	-1	-1	-1	-1	-1	1170.022	1151.55	1203.447	1302.038	1378.42	1417.357	1873.184	1609.472	1739.954	1737.589	1806.06	1796.852	1895.57	1866.895	2004.836	2024.333	2048.384	2065.29	2066.644	2053.328	2034.604	2034.604	2053.328	2066.644	2065.29	2048.384	2024.333	2004.836	1866.895	1895.57	1796.852	1806.06	1737.589	1739.954	1609.472	1873.184	1417.357	1378.42	1302.038	1203.447	1151.55	1170.022	-1	-1	-1	-1	-1	1128.655	1126.958	1102.296	1135.284	-1	1118.541	1059.5	1000.692	-1	-1
6	-1	1075.061	1090.213	1133.304	1157.231	1172.227	1170.575	1052.181	-1	1081.857	1148.808	1137.062	1234.378	1111.712	1188.311	1190.225	1178.4	1205.325	1230.417	1183.329	1288.75	1270.388	1515.925	1578.826	1761.295	1765.971	1885.112	1876.388	1939.269	1968.354	2024.494	2006.824	2078.734	2090.922	2106.169	2118.72	2119.816	2109.819	2097.793	2097.793	2109.819	2119.816	2118.72	2106.169	2090.922	2078.734	2006.824	2024.494	1968.354	1939.269	1876.388	1885.112	1765.971	1761.295	1578.826	1515.925	1270.388	1288.75	1183.329	1230.417	1205.325	1178.4	1190.225	1188.311	1111.712	1234.378	1137.062	1148.808	1081.857	-1	1052.181	1170.575	1172.227	1157.231	1133.304
7	-1	-1	-1	-1	-1	1056.546	1063.587	1105.806	1083.444	1100.513	1189.073	1233.917	1185.298	1183.573	1174.47	1243.594	1228.223	1309.925	1352.934	1377.203	1469.63	1501.416	1637.151	1705.232	1803.044	1868.97	1954.946	2002.917	2051.098	2079	2118.584	2114.548	2157.549	2154.449	2160.01	2164.724	2164.332	2158.864	2152.604	2152.604	2158.864	2164.332	2164.724	2160.01	2154.449	2157.549	2114.548	2118.584	2079	2051.098	2002.917	1954.946	1868.97	1803.044	1705.232	1637.151	1501.416	1469.63	1377.203	1352.934	1309.925	1228.223	1243.594	1174.47	1183.573	1185.298	1233.917	1189.073	1100.513	1083.444	1105.806	1063.587	1056.546	-1	-1
8	-1	-1	-1	-1	-1	-1	1102.114	-1	-1	1159.569	1164.864	1167.181	1206.375	1210.697	-1	1261.237	1301.788	1354.457	1410.731	1462.292	1560.612	1676.095	1781.165	1859.546	1943.623	1995.76	2052.393	2083.104	2116.483	2141.737	2165.832	2178.261	2203.111	2215.651	2228.092	2240.074	2241.767	2233.046	2223.694	2223.694	2233.046	2241.767	2240.074	2228.092	2215.651	2203.111	2178.261	2165.832	2141.737	2116.483	2083.104	2052.393	1995.76	1943.623	1859.546	1781.165	1676.095	1560.612	1462.292	1410.731	1354.457	1301.788	1261.237	-1	1210.697	1206.375	1167.181	1164.864	1159.569	-1	-1	1102.114	-1	-1	-1
9	-1	-1	-1	-1	-1	-1	1129.286	-1	-1	-1	-1	1209.193	1265.139	-1	-1	1316.556	1378.393	1436.574	1507.665	1588.289	1689.823	1787.302	1876.067	1947.711	2008.365	2058.637	2104.803	2143.732	2187.344	2214.768	2245.141	2271.779	2300.398	2317.069	2332.246	2344.113	2346.867	2339.889	2328.629	2328.629	2339.889	2346.867	2344.113	2332.246	2317.069	2300.398	2271.779	2245.141	2214.768	2187.344	2143.732	2104.803	2058.637	2008.365	1947.711	1876.067	1787.302	1689.823	1588.289	1507.665	1436.574	1378.393	1316.556	-1	-1	1265.139	1209.193	-1	-1	-1	-1	1129.286	-1	-1	-1
10	-1	-1	-1	-1	-1	-1	-1	1189.715	-1	-1	-1	1263.345	1292.193	-1	1343.826	1382.583	1456.593	1535.396	1626.495	1716.451	1806.97	1884.763	1965.291	2024.762	2080.38	2127.196	2175.127	2215.116	2254.204	2294.399	2327.919	2364.116	2432.799	2453.397	2489.767	2528.588	2534.204	2502.665	2469.344	2469.344	2502.665	2534.204	2528.588	2489.767	2453.397	2432.799	2364.116	2327.919	2294.399	2254.204	2215.116	2175.127	2127.196	2080.38	2024.762	1965.291	1884.763	1806.97	1716.451	1626.495	1535.396	1456.593	1382.583	1343.826	-1	1292.193	1263.345	-1	-1	-1	1189.715	-1	-1	-1	-1
11	-1	-1	-1	-1	-1	-1	-1	-1	-1	-1	-1	-1	-1	-1	-1	1457.797	1545.561	1629.172	1721.617	1812.076	1897.136	1964.568	2038.154	2089.819	2140.14	2193.571	2249.709	2297.537	2358.019	2419.586	2496.561	2630.748	2803.975	3007.718	3289.457	3192.363	3283.431	3577.297	3238.626	3238.626	3577.297	3283.431	3192.363	3289.457	3007.718	2803.975	2630.748	2496.561	2419.586	2358.019	2297.537	2249.709	2193.571	2140.14	2089.819	2038.154	1964.568	1897.136	1812.076	1721.617	1629.172	1545.561	1457.797	-1	-1	-1	-1	-1	-1	-1	-1	-1	-1	-1	-1
12	-1	-1	-1	-1	-1	-1	-1	-1	-1	-1	-1	-1	-1	-1	1457.062	1540.084	1625.752	1715.179	1803.075	1881.247	1957.305	2018.84	2082.827	2136.056	2200.257	2260.713	2334.016	2425.208	2545.977	2775.731	3204.848	-1	-1	-1	-1	-1	-1	-1	-1	-1	-1	-1	-1	-1	-1	-1	-1	3204.848	2775.731	2545.977	2425.208	2334.016	2260.713	2200.257	2136.056	2082.827	2018.84	1957.305	1881.247	1803.075	1715.179	1625.752	1540.084	1457.062	-1	-1	-1	-1	-1	-1	-1	-1	-1	-1	-1
13	-1	-1	-1	-1	-1	-1	-1	-1	-1	-1	-1	-1	-1	-1	1521.982	1608.212	1695.083	1780.219	1860.599	1930.005	2001.838	2066.753	2134.832	2196.956	2281.113	2367.268	2509.667	2712.003	3226.689	-1	-1	-1	-1	-1	-1	-1	-1	-1	-1	-1	-1	-1	-1	-1	-1	-1	-1	-1	-1	3226.689	2712.003	2509.667	2367.268	2281.113	2196.956	2134.832	2066.753	2001.838	1930.005	1860.599	1780.219	1695.083	1608.212	1521.982	-1	-1	-1	-1	-1	-1	-1	-1	-1	-1	-1
14	-1	-1	-1	-1	-1	-1	-1	-1	-1	-1	-1	-1	-1	1498.402	1568.746	1660.705	1748.988	1825.154	1904.98	1969.723	2035.87	2101.355	2182.169	2263.225	2360.412	2551.531	2907.449	-1	-1	-1	-1	-1	-1	-1	1177.042	1177.05	1177.051	1177.045	-1	-1	1177.045	1177.051	1177.05	1177.042	-1	-1	-1	-1	-1	-1	-1	2907.449	2551.531	2360.412	2263.225	2182.169	2101.355	2035.87	1969.723	1904.98	1825.154	1748.988	1660.705	1568.746	1498.402	-1	-1	-1	-1	-1	-1	-1	-1	-1	-1
15	-1	-1	-1	-1	-1	-1	-1	-1	-1	-1	-1	-1	1490.714	1549.982	1630.815	1705.398	1784.011	1858.411	1928.34	1990.735	2055.956	2131.054	2215.454	2333.59	2530.421	2989.208	-1	-1	-1	-1	-1	-1	-1	-1	-1	-1	-1	-1	-1	-1	-1	-1	-1	-1	-1	-1	-1	-1	-1	-1	-1	-1	2989.208	2530.421	2333.59	2215.454	2131.054	2055.956	1990.735	1928.34	1858.411	1784.011	1705.398	1630.815	1549.982	1490.714	-1	-1	-1	-1	-1	-1	-1	-1	-1
16	-1	-1	-1	-1	-1	-1	-1	-1	-1	-1	-1	-1	1535.476	1593.05	1666.173	1739.469	1808.576	1875.545	1938.717	2009.201	2072.978	2150.139	2269.297	2438.6	2872.679	-1	-1	-1	-1	-1	-1	-1	-1	-1	-1	-1	-1	-1	-1	-1	-1	-1	-1	-1	-1	-1	-1	-1	-1	-1	-1	-1	-1	2872.679	2438.6	2269.297	2150.139	2072.978	2009.201	1938.717	1875.545	1808.576	1739.469	1666.173	1593.05	1535.476	-1	-1	-1	-1	-1	-1	-1	-1	-1
17	-1	-1	-1	-1	-1	-1	-1	-1	-1	-1	-1	1497.958	1557.099	1623.049	1694.355	1761.069	1829.253	1887.759	1944.683	2004.667	2064.167	2159.191	2314.43	2715.241	-1	-1	-1	-1	-1	-1	-1	-1	-1	-1	-1	-1	-1	-1	-1	-1	-1	-1	-1	-1	-1	-1	-1	-1	-1	-1	-1	-1	-1	-1	2715.241	2314.43	2159.191	2064.167	2004.667	1944.683	1887.759	1829.253	1761.069	1694.355	1623.049	1557.099	1497.958	-1	-1	-1	-1	-1	-1	-1	-1
18	-1	-1	-1	-1	-1	-1	-1	-1	-1	-1	-1	1517.098	1582.126	1642.578	1705.924	1772.785	1835.573	1886.08	1939.354	2010.393	2083.347	2201.923	2480.485	-1	-1	-1	-1	-1	-1	-1	-1	-1	-1	-1	-1	-1	-1	-1	-1	-1	-1	-1	-1	-1	-1	-1	-1	-1	-1	-1	-1	-1	-1	-1	-1	2480.485	2201.923	2083.347	2010.393	1939.354	1886.08	1835.573	1772.785	1705.924	1642.578	1582.126	1517.098	-1	-1	-1	-1	-1	-1	-1	-1
19	-1	-1	-1	-1	-1	-1	-1	-1	-1	-1	-1	1530.978	1587.307	1651.69	1711.584	1772.259	1833.583	1881.318	1940.446	1997.105	2072.512	2259.386	2936.303	-1	-1	-1	-1	-1	-1	-1	-1	-1	-1	-1	-1	-1	-1	-1	-1	-1	-1	-1	-1	-1	-1	-1	-1	-1	-1	-1	-1	-1	-1	-1	-1	2936.303	2259.386	2072.512	1997.105	1940.446	1881.318	1833.583	1772.259	1711.584	1651.69	1587.307	1530.978	-1	-1	-1	-1	-1	-1	-1	-1
20	-1	-1	-1	-1	-1	-1	-1	-1	-1	-1	-1	1547.687	1605.362	1662.269	1710.507	1766.264	1817.484	1869.528	1918.143	1960.601	2050.107	2410.465	-1	-1	-1	-1	-1	-1	-1	-1	-1	-1	-1	-1	-1	-1	-1	-1	-1	-1	-1	-1	-1	-1	-1	-1	-1	-1	-1	-1	-1	-1	-1	-1	-1	-1	2410.465	2050.107	1960.601	1918.143	1869.528	1817.484	1766.264	1710.507	1662.269	1605.362	1547.687	-1	-1	-1	-1	-1	-1	-1	-1
21	-1	-1	-1	-1	-1	-1	-1	-1	-1	-1	1494.861	1553.371	1606.638	1662.396	1707.942	1764.936	1807.782	1867.053	1910.238	1972.456	2072.27	2800.539	-1	-1	-1	-1	-1	-1	-1	-1	-1	-1	-1	-1	-1	-1	-1	-1	-1	-1	-1	-1	-1	-1	-1	-1	-1	-1	-1	-1	-1	-1	-1	-1	-1	-1	2800.539	2072.27	1972.456	1910.238	1867.053	1807.782	1764.936	1707.942	1662.396	1606.638	1553.371	1494.861	-1	-1	-1	-1	-1	-1	-1
22	-1	-1	-1	-1	-1	-1	-1	-1	-1	-1	1500.726	1559.974	1605.75	1651.447	1696.988	1734.158	1781.349	1830.358	1845.612	1943.163	2127.838	-1	-1	-1	-1	-1	-1	-1	-1	-1	-1	-1	-1	-1	-1	-1	-1	-1	-1	-1	-1	-1	-1	-1	-1	-1	-1	-1	-1	-1	-1	-1	-1	-1	-1	-1	-1	2127.838	1943.163	1845.612	1830.358	1781.349	1734.158	1696.988	1651.447	1605.75	1559.974	1500.726	-1	-1	-1	-1	-1	-1	-1
23	-1	-1	-1	-1	-1	-1	-1	-1	-1	-1	1498.972	1554.148	1599.194	1642.293	1683.192	1730.472	1756.738	1815.898	1813.438	1807.337	1697.872	-1	-1	-1	-1	-1	-1	-1	-1	-1	-1	-1	-1	-1	-1	-1	-1	-1	-1	-1	-1	-1	-1	-1	-1	-1	-1	-1	-1	-1	-1	-1	-1	-1	-1	-1	-1	1697.872	1807.337	1813.438	1815.898	1756.738	1730.472	1683.192	1642.293	1599.194	1554.148	1498.972	-1	-1	-1	-1	-1	-1	-1
24	-1	-1	-1	-1	-1	-1	-1	-1	-1	1439.595	1482.54	1539.653	1566.873	1595.225	1637.561	1692.137	1728.287	1753.051	1747.807	1742.921	1731.188	2515.389	-1	-1	-1	-1	-1	-1	-1	-1	-1	-1	-1	-1	-1	-1	-1	-1	-1	-1	-1	-1	-1	-1	-1	-1	-1	-1	-1	-1	-1	-1	-1	-1	-1	-1	2515.389	1731.188	1742.921	1747.807	1753.051	1728.287	1692.137	1637.561	1595.225	1566.873	1539.653	1482.54	1439.595	-1	-1	-1	-1	-1	-1
25	-1	-1	-1	-1	-1	-1	-1	-1	1411.259	1450.736	1498.709	1537.039	1559.446	1580.991	1608.825	1631.515	1646.287	1619.322	1574.993	1506.188	1587.1	2148.254	1721.151	2475.381	-1	-1	-1	-1	-1	-1	-1	-1	-1	-1	-1	-1	-1	-1	-1	-1	-1	-1	-1	-1	-1	-1	-1	-1	-1	-1	-1	-1	-1	-1	2475.381	1721.151	2148.254	1587.1	1506.188	1574.993	1619.322	1646.287	1631.515	1608.825	1580.991	1559.446	1537.039	1498.709	1450.736	1411.259	-1	-1	-1	-1	-1
26	-1	1198.355	1241.982	1274.764	1302.162	1325.681	1354.765	1375.24	1398.988	1443.152	1478.725	1513.333	1519.987	1525.492	1545.244	1549.198	1525.128	1501.13	1349.128	1344.688	1246.026	1722.865	2122.661	2317.856	2632.599	-1	-1	-1	-1	-1	-1	-1	1177.067	-1	-1	1177.014	1177.012	-1	-1	-1	-1	1177.012	1177.014	-1	-1	1177.067	-1	-1	-1	-1	-1	-1	-1	2632.599	2317.856	2122.661	1722.865	1246.026	1344.688	1349.128	1501.13	1525.128	1549.198	1545.244	1525.492	1519.987	1513.333	1478.725	1443.152	1398.988	1375.24	1354.765	1325.681	1302.162	1274.764
27	1399.361	-1	-1	1231.615	1282.228	1324.685	1362.914	1402.393	1416.605	1445.38	1474.387	1495.25	1500.92	1484.15	1479.006	1449.546	1399.637	1425.372	1475.569	1404.189	1378.144	1418.069	1533.038	1930.584	2008.242	-1	-1	-1	-1	-1	-1	-1	-1	-1	-1	-1	-1	-1	-1	-1	-1	-1	-1	-1	-1	-1	-1	-1	-1	-1	-1	-1	-1	2008.242	1930.584	1533.038	1418.069	1378.144	1404.189	1475.569	1425.372	1399.637	1449.546	1479.006	1484.15	1500.92	1495.25	1474.387	1445.38	1416.605	1402.393	1362.914	1324.685	1282.228	1231.615
28	1395.32	1234.37	1267.962	1287.201	1307.8	1329.105	1359.708	1364.856	1379.117	1398.013	1456.778	1472.647	1449.321	1441.991	1397.793	1462.783	1432.032	1426.176	1391.249	1338.532	1380.351	1526.941	1654.652	1709.974	1974.086	2794.628	-1	-1	-1	-1	-1	-1	-1	-1	-1	-1	-1	-1	-1	-1	-1	-1	-1	-1	-1	-1	-1	-1	-1	-1	-1	-1	2794.628	1974.086	1709.974	1654.652	1526.941	1380.351	1338.532	1391.249	1426.176	1432.032	1462.783	1397.793	1441.991	1449.321	1472.647	1456.778	1398.013	1379.117	1364.856	1359.708	1329.105	1307.8	1287.201
29	1436.316	1248.347	1275.148	1293.117	1310.261	1327.976	1341.781	1358.905	1339.47	1359.253	1397.892	1424.701	1389.314	1364.111	1352.748	1329.937	1370.832	1314.297	1382.552	1365.556	1375.203	1502.886	1581.632	1881.414	1989.712	2371.613	-1	-1	-1	-1	-1	-1	-1	-1	-1	-1	-1	-1	-1	-1	-1	-1	-1	-1	-1	-1	-1	-1	-1	-1	-1	-1	2371.613	1989.712	1881.414	1581.632	1502.886	1375.203	1365.556	1382.552	1314.297	1370.832	1329.937	1352.748	1364.111	1389.314	1424.701	1397.892	1359.253	1339.47	1358.905	1341.781	1327.976	1310.261	1293.117
30	1231.121	1344.987	1359	1368.577	1358.011	1347.361	1339.687	1347.89	1360.099	1365.612	1412.114	1440.217	1439.034	1357.662	1373.206	1380.754	1303.627	1341.107	1280.074	1370.755	1453.807	1445.851	1545.176	1771.202	1856.378	2293.264	2796.623	-1	-1	-1	-1	-1	-1	-1	-1	-1	-1	-1	-1	-1	-1	-1	-1	-1	-1	-1	-1	-1	-1	-1	-1	2796.623	2293.264	1856.378	1771.202	1545.176	1445.851	1453.807	1370.755	1280.074	1341.107	1303.627	1380.754	1373.206	1357.662	1439.034	1440.217	1412.114	1365.612	1360.099	1347.89	1339.687	1347.361	1358.011	1368.577
31	1526.121	1274.781	1293.083	1313.595	1346.594	1369.365	1380.44	1319.22	1357.791	1334.349	1381.002	1408.127	1402.255	1278.01	1279.458	1425.245	1346.3	1367.2	1395.912	1344.126	1447.601	1478.563	1583.802	1660.172	1745.331	1865.355	2442.676	-1	-1	-1	-1	-1	-1	-1	-1	-1	-1	-1	-1	-1	-1	-1	-1	-1	-1	-1	-1	-1	-1	-1	-1	2442.676	1865.355	1745.331	1660.172	1583.802	1478.563	1447.601	1344.126	1395.912	1367.2	1346.3	1425.245	1279.458	1278.01	1402.255	1408.127	1381.002	1334.349	1357.791	1319.22	1380.44	1369.365	1346.594	1313.595
32	1871.993	1334.357	1330.604	1305.24	1297.479	1295.657	1301.337	1359.594	1381.811	1338.439	1376.91	1349.2	1339.392	1262.303	1316.819	1259.185	1375.12	1351.904	1379.682	1458.939	1416.204	1483.153	1659.857	1845.708	1827.887	2106.072	-1	-1	-1	-1	-1	-1	-1	-1	-1	-1	-1	-1	-1	-1	-1	-1	-1	-1	-1	-1	-1	-1	-1	-1	-1	-1	2106.072	1827.887	1845.708	1659.857	1483.153	1416.204	1458.939	1379.682	1351.904	1375.12	1259.185	1316.819	1262.303	1339.392	1349.2	1376.91	1338.439	1381.811	1359.594	1301.337	1295.657	1297.479	1305.24
33	1479.279	1601.914	1556.743	1527.619	1451.227	1389.697	1334.107	1288.355	1250.459	1214.13	1361.607	1348.074	1373.599	1312.062	1282.73	1324.195	1354.56	1340.483	1299.029	1294.62	1379.186	1378.817	1580.415	1725.375	1972.48	2339.128	-1	-1	-1	-1	-1	-1	-1	-1	-1	-1	-1	-1	-1	-1	-1	-1	-1	-1	-1	-1	-1	-1	-1	-1	-1	-1	2339.128	1972.48	1725.375	1580.415	1378.817	1379.186	1294.62	1299.029	1340.483	1354.56	1324.195	1282.73	1312.062	1373.599	1348.074	1361.607	1214.13	1250.459	1288.355	1334.107	1389.697	1451.227	1527.619
34	1616.371	1581.904	1547.715	1588.884	1554.401	1518.71	1494.454	1458.601	1455.252	1278.501	1304.548	1277.88	1289.001	1207.437	1167.805	1182.569	1265.365	1370.689	1342.892	1452.383	1437.545	1476.241	1603.186	1766.476	1828.702	2472.758	2544.57	-1	-1	-1	-1	-1	-1	-1	-1	-1	-1	-1	-1	-1	-1	-1	-1	-1	-1	-1	-1	-1	-1	-1	-1	2544.57	2472.758	1828.702	1766.476	1603.186	1476.241	1437.545	1452.383	1342.892	1370.689	1265.365	1182.569	1167.805	1207.437	1289.001	1277.88	1304.548	1278.501	1455.252	1458.601	1494.454	1518.71	1554.401	1588.884
35	1707.053	1672.994	1586.855	1571.247	1492.213	1417.781	1358.661	1226.747	1215.696	1273.643	1396.199	1446.687	1447.013	1303.445	1246.449	1298.549	1275.015	1265.86	1375.628	1265.786	1327.821	1452.881	1643.948	1827.113	1886.093	2181.041	-1	-1	-1	-1	-1	-1	944.914	946.695	917.515	894.172	895.12	919.303	947.542	947.542	919.303	895.12	894.172	917.515	946.695	944.914	-1	-1	-1	-1	-1	-1	2181.041	1886.093	1827.113	1643.948	1452.881	1327.821	1265.786	1375.628	1265.86	1275.015	1298.549	1246.449	1303.445	1447.013	1446.687	1396.199	1273.643	1215.696	1226.747	1358.661	1417.781	1492.213	1571.247
36	1949.998	1366.406	1352.784	1338.668	1296.812	1288.729	1295.082	1449.191	1116.896	1219.053	1368.173	1458.122	1362.474	1375.247	1278.282	1374.841	1398.918	1405.645	1330.714	1283.26	1229.685	1400.265	1515.126	1710.956	1778.314	-1	-1	-1	-1	-1	-1	-1	-1	-1	-1	-1	-1	-1	-1	-1	-1	-1	-1	-1	-1	-1	-1	-1	-1	-1	-1	-1	-1	1778.314	1710.956	1515.126	1400.265	1229.685	1283.26	1330.714	1405.645	1398.918	1374.841	1278.282	1375.247	1362.474	1458.122	1368.173	1219.053	1116.896	1449.191	1295.082	1288.729	1296.812	1338.668
37	1586.897	1464.407	1481.853	1580.128	1588.309	1593.692	1562.315	1296.919	1335.113	1130.839	1411.291	1356.964	1274.719	1174.93	1255.558	1288.745	1341.56	1477.906	1538.76	1405.653	1520.52	1491.835	1530.582	1653.814	1911.439	-1	-1	-1	-1	-1	-1	-1	2214.422	-1	-1	-1	-1	-1	-1	-1	-1	-1	-1	-1	-1	2214.422	-1	-1	-1	-1	-1	-1	-1	1911.439	1653.814	1530.582	1491.835	1520.52	1405.653	1538.76	1477.906	1341.56	1288.745	1255.558	1174.93	1274.719	1356.964	1411.291	1130.839	1335.113	1296.919	1562.315	1593.692	1588.309	1580.128
38	1524.4	1308.204	1336.667	1372.128	1394.573	1450.469	1582.945	2073.394	1351.092	1442.248	1422.77	1432.603	1441.321	1425.85	1309.492	1360.401	1405.446	1295.543	1348.909	1339.707	1372.707	1414.94	1499.959	1692.007	1874.568	-1	-1	-1	-1	-1	2165.152	2384.532	-1	2327.783	2124.877	2127.386	2086.385	1996.894	2129.577	2129.577	1996.894	2086.385	2127.386	2124.877	2327.783	-1	2384.532	2165.152	-1	-1	-1	-1	-1	1874.568	1692.007	1499.959	1414.94	1372.707	1339.707	1348.909	1295.543	1405.446	1360.401	1309.492	1425.85	1441.321	1432.603	1422.77	1442.248	1351.092	2073.394	1582.945	1450.469	1394.573	1372.128
39	1463.859	1536.156	1517.742	1570.907	1550.85	1493.372	1408.014	1328.022	1416.19	1347.546	1538.104	1488.502	1470.847	1479.07	1309.433	1360.415	1430.422	1316.553	1302.552	1302.032	1500.914	1513.879	1630.546	1974.681	1765.233	-1	-1	-1	-1	-1	-1	-1	-1	-1	-1	-1	-1	-1	-1	-1	-1	-1	-1	-1	-1	-1	-1	-1	-1	-1	-1	-1	-1	1765.233	1974.681	1630.546	1513.879	1500.914	1302.032	1302.552	1316.553	1430.422	1360.415	1309.433	1479.07	1470.847	1488.502	1538.104	1347.546	1416.19	1328.022	1408.014	1493.372	1550.85	1570.907
40	1516.708	1469.789	1459.251	1511.692	1505.622	1484.52	1539.065	1634.424	1463.614	1265.187	1233.444	1558.142	1162.435	1205.324	1302.77	1319.49	1485.782	1420.244	1401.861	1509.885	1567.181	1537.215	1570.252	1766.653	1410.53	-1	-1	-1	-1	-1	1809.923	2271.285	1890.05	2103.522	2212.186	2378.885	2408.304	2287.223	2227.27	2227.27	2287.223	2408.304	2378.885	2212.186	2103.522	1890.05	2271.285	1809.923	-1	-1	-1	-1	-1	1410.53	1766.653	1570.252	1537.215	1567.181	1509.885	1401.861	1420.244	1485.782	1319.49	1302.77	1205.324	1162.435	1558.142	1233.444	1265.187	1463.614	1634.424	1539.065	1484.52	1505.622	1511.692
41	1537.407	1423.566	1364.879	1460.547	1452.89	1478.063	1484.468	1421.962	1434.362	1536.236	1641.702	1457.299	1452.699	1399.542	1266.655	1253.436	1199.823	1232.974	1433.558	1354.367	1588.416	1880.219	1918.272	1872.801	2010.727	-1	1975.76	-1	1560.052	-1	-1	963.798	1491.102	1674.7	2134.337	-1	-1	2138.447	1751.492	1751.492	2138.447	-1	-1	2134.337	1674.7	1491.102	963.798	-1	-1	1560.052	-1	1975.76	-1	2010.727	1872.801	1918.272	1880.219	1588.416	1354.367	1433.558	1232.974	1199.823	1253.436	1266.655	1399.542	1452.699	1457.299	1641.702	1536.236	1434.362	1421.962	1484.468	1478.063	1452.89	1460.547
42	1432.315	1406.204	1486.837	1506.97	1513.463	1510.38	1477.249	1262.211	1418.018	1581.223	1553.031	1601.036	1597.29	1215.596	1248.447	1224.052	1191.266	1320.842	1229.82	1266.305	1525.379	1648.926	1798.655	2269.422	2338.26	-1	-1	-1	-1	-1	-1	1748.608	1243.395	1149.286	1053.032	1079.534	1061.123	1010.741	1079.691	1079.691	1010.741	1061.123	1079.534	1053.032	1149.286	1243.395	1748.608	-1	-1	-1	-1	-1	-1	2338.26	2269.422	1798.655	1648.926	1525.379	1266.305	1229.82	1320.842	1191.266	1224.052	1248.447	1215.596	1597.29	1601.036	1553.031	1581.223	1418.018	1262.211	1477.249	1510.38	1513.463	1506.97
43	1867.042	1427.539	1453.395	1386.973	1316.508	1237.232	1252.531	1076.555	1132.728	1235.612	1346.559	1570.922	1233.46	1330.868	1353.912	1371.071	1422.19	1381.989	1239.848	1303.857	1339.49	1611.799	2073.844	2213.663	2066.436	-1	-1	-1	-1	-1	-1	-1	-1	-1	-1	-1	-1	-1	-1	-1	-1	-1	-1	-1	-1	-1	-1	-1	-1	-1	-1	-1	-1	2066.436	2213.663	2073.844	1611.799	1339.49	1303.857	1239.848	1381.989	1422.19	1371.071	1353.912	1330.868	1233.46	1570.922	1346.559	1235.612	1132.728	1076.555	1252.531	1237.232	1316.508	1386.973
44	1248.313	1359.517	1425.847	1479.212	1527.156	1583.591	1636.576	1654.73	1417.292	1585.021	1363.286	1468.799	1334.525	1292.913	1360.144	1361.421	1461.169	1566.684	1367.633	1283.721	1355.112	1311.475	1335.853	1615.984	-1	-1	-1	-1	-1	-1	-1	-1	-1	-1	-1	-1	-1	-1	-1	-1	-1	-1	-1	-1	-1	-1	-1	-1	-1	-1	-1	-1	-1	-1	1615.984	1335.853	1311.475	1355.112	1283.721	1367.633	1566.684	1461.169	1361.421	1360.144	1292.913	1334.525	1468.799	1363.286	1585.021	1417.292	1654.73	1636.576	1583.591	1527.156	1479.212
45	1486.996	1469.468	1418.777	1428.794	1325.088	1204.678	1163.861	1214.114	1168.362	1575.717	1559.588	1684.011	1377.255	1448.978	1475.17	1556.982	1452.287	1385.439	1402.224	1399.612	1497.636	1617.039	1650.041	1710.089	1858.738	-1	-1	-1	-1	-1	-1	-1	-1	-1	-1	-1	1954.442	-1	-1	-1	-1	1954.442	-1	-1	-1	-1	-1	-1	-1	-1	-1	-1	-1	1858.738	1710.089	1650.041	1617.039	1497.636	1399.612	1402.224	1385.439	1452.287	1556.982	1475.17	1448.978	1377.255	1684.011	1559.588	1575.717	1168.362	1214.114	1163.861	1204.678	1325.088	1428.794
