lateral	-38.5	-37.5	-36.5	-35.5	-34.5	-33.5	-32.5	-31.5	-30.5	-29.5	-28.5	-27.5	-26.5	-25.5	-24.5	-23.5	-22.5	-21.5	-20.5	-19.5	-18.5	-17.5	-16.5	-15.5	-14.5	-13.5	-12.5	-11.5	-10.5	-9.5	-8.5	-7.5	-6.5	-5.5	-4.5	-3.5	-2.5	-1.5	-0.5	0.5	1.5	2.5	3.5	4.5	5.5	6.5	7.5	8.5	9.5	10.5	11.5	12.5	13.5	14.5	15.5	16.5	17.5	18.5	19.5	20.5	21.5	22.5	23.5	24.5	25.5	26.5	27.5	28.5	29.5	30.5	31.5	32.5	33.5	34.5	35.5
DFB	mm	mm	mm	mm	mm	mm	mm	mm	mm	mm	mm	mm	mm	mm	mm	mm	mm	mm	mm	mm	mm	mm	mm	mm	mm	mm	mm	mm	mm	mm	mm	mm	mm	mm	mm	mm	mm	mm	mm	mm	mm	mm	mm	mm	mm	mm	mm	mm	mm	mm	mm	mm	mm	mm	mm	mm	mm	mm	mm	mm	mm	mm	mm	mm	mm	mm	mm	mm	mm	mm	mm	mm	mm	mm	mm
mm																																																																											
-5	-1	-1	-1	-1	-1	-1	-1	-1	-1	-1	-1	-1	-1	-1	-1	-1	1345.883	1093.158	-1	1322.392	1189.644	1219.971	1218.512	1538.52	-1	-1	-1	-1	1772.472	-1	-1	-1	-1	-1	-1	-1	-1	-1	-1	-1	-1	-1	-1	-1	-1	-1	-1	-1	-1	1772.472	-1	-1	-1	-1	1538.52	1218.512	1219.971	1189.644	1322.392	-1	1093.158	1345.883	-1	-1	-1	-1	-1	-1	-1	-1	-1	-1	-1	-1	-1
-4	-1	-1	-1	-1	-1	-1	-1	-1	-1	1641.166	-1	1679.577	1506.993	1386.509	-1	1455.671	-1	-1	-1	-1	-1	-1	-1	-1	-1	-1	-1	-1	-1	-1	-1	-1	-1	-1	-1	-1	-1	-1	-1	-1	-1	-1	-1	-1	-1	-1	-1	-1	-1	-1	-1	-1	-1	-1	-1	-1	-1	-1	-1	-1	-1	-1	1455.671	-1	1386.509	1506.993	1679.577	-1	1641.166	-1	-1	-1	-1	-1	-1
-3	-1	-1	-1	-1	-1	-1	-1	-1	1369.593	1171.187	1097.768	1032.985	1083.785	984.391	975.892	754.935	515.609	-1	-1	-1	-1	-1	-1	-1	-1	-1	-1	-1	-1	-1	-1	-1	-1	-1	-1	-1	-1	-1	-1	-1	-1	-1	-1	-1	-1	-1	-1	-1	-1	-1	-1	-1	-1	-1	-1	-1	-1	-1	-1	-1	-1	515.609	754.935	975.892	984.391	1083.785	1032.985	1097.768	1171.187	1369.593	-1	-1	-1	-1	-1
-2	-1	1733.258	-1	-1	-1	-1	-1	-1	1102.717	1028.107	1040.328	987.739	1035.827	1024.032	921.671	932.75	-1	-1	-1	-1	-1	-1	-1	-1	-1	-1	-1	-1	-1	-1	-1	-1	-1	-1	-1	-1	-1	-1	-1	-1	-1	-1	-1	-1	-1	-1	-1	-1	-1	-1	-1	-1	-1	-1	-1	-1	-1	-1	-1	-1	-1	-1	932.75	921.671	1024.032	1035.827	987.739	1040.328	1028.107	1102.717	-1	-1	-1	-1	-1
-1	-1	1696.609	2073.552	-1	-1	-1	-1	570.836	760.937	868.591	897.222	912.118	926.765	931.812	933.591	861.713	851.288	578.836	-1	-1	-1	-1	-1	-1	-1	-1	-1	-1	423.91	449.209	-1	-1	-1	-1	-1	-1	-1	-1	-1	-1	-1	-1	-1	-1	-1	-1	-1	-1	449.209	423.91	-1	-1	-1	-1	-1	-1	-1	-1	-1	-1	578.836	851.288	861.713	933.591	931.812	926.765	912.118	897.222	868.591	760.937	570.836	-1	-1	-1	-1
0	-1	1053.422	1336.421	-1	-1	-1	-1	880.61	924.325	919.889	921.254	910.365	917.833	914.843	882.348	892.309	863.289	875.26	855.863	877.251	921.062	915.033	908.107	959.867	1026.085	945.115	883.212	974.529	937.638	1040.603	1051.21	1311.688	1515.746	1716.433	1752.742	1616.712	1649.676	1845.444	1858.578	1858.578	1845.444	1649.676	1616.712	1752.742	1716.433	1515.746	1311.688	1051.21	1040.603	937.638	974.529	883.212	945.115	1026.085	959.867	908.107	915.033	921.062	877.251	855.863	875.26	863.289	892.309	882.348	914.843	917.833	910.365	921.254	919.889	924.325	880.61	-1	-1	-1	-1
1	-1	1383.367	1766.875	-1	-1	-1	-1	864.737	947.097	944.787	934.477	936.275	938.896	920.264	918.867	914.95	912.828	912.013	920.668	948.188	985.899	995.657	979.045	1022.18	1039.625	1034.36	1057.053	1112.561	1132.032	1221.993	1397.099	1397.9	1643.126	1661.485	1618.794	1443.232	1443.604	1625.5	1674.42	1674.42	1625.5	1443.604	1443.232	1618.794	1661.485	1643.126	1397.9	1397.099	1221.993	1132.032	1112.561	1057.053	1034.36	1039.625	1022.18	979.045	995.657	985.899	948.188	920.668	912.013	912.828	914.95	918.867	920.264	938.896	936.275	934.477	944.787	947.097	864.737	-1	-1	-1	-1
2	-1	1159.4	1420.522	-1	-1	-1	-1	1512.405	979.843	943.812	928.721	926.734	938.563	931.072	921.948	921.105	925.721	938.356	965.73	1030.968	1114.734	1183.472	1195.208	1288.149	1321.5	1314.349	1344.431	1354.11	1404.013	1479.873	1625.411	1757.709	1956.251	1980.998	1973.823	1870.159	1872.759	1984.041	1997.774	1997.774	1984.041	1872.759	1870.159	1973.823	1980.998	1956.251	1757.709	1625.411	1479.873	1404.013	1354.11	1344.431	1314.349	1321.5	1288.149	1195.208	1183.472	1114.734	1030.968	965.73	938.356	925.721	921.105	921.948	931.072	938.563	926.734	928.721	943.812	979.843	1512.405	-1	-1	-1	-1
3	-1	1467.053	1460.612	-1	-1	-1	-1	1513.485	1060.369	957.094	963.061	974.871	981.199	973.096	975.756	996.284	1028.401	1119.122	1268.979	1499.491	1740.246	1858.435	1920.48	1926.405	1898.865	1861.795	1910.414	1857.087	1977.14	1958.189	2129.071	2194.569	2495.721	2509.34	2534.805	2500.273	2501.963	2539.868	2517.775	2517.775	2539.868	2501.963	2500.273	2534.805	2509.34	2495.721	2194.569	2129.071	1958.189	1977.14	1857.087	1910.414	1861.795	1898.865	1926.405	1920.48	1858.435	1740.246	1499.491	1268.979	1119.122	1028.401	996.284	975.756	973.096	981.199	974.871	963.061	957.094	1060.369	1513.485	-1	-1	-1	-1
4	-1	1202.402	1431.74	1922.05	-1	-1	-1	-1	1247.993	1030.329	870.877	941.668	999.88	1059.844	1139.458	1278.11	1471.572	1686.872	1905.766	1995.878	2094.098	2103.306	2152.569	2151.928	2173.603	2199.176	2226.033	2176.229	2180.553	2193.951	2263.092	2214.805	2279.882	2265.498	2273.903	2286.883	2285.036	2268.202	2255.967	2255.967	2268.202	2285.036	2286.883	2273.903	2265.498	2279.882	2214.805	2263.092	2193.951	2180.553	2176.229	2226.033	2199.176	2173.603	2151.928	2152.569	2103.306	2094.098	1995.878	1905.766	1686.872	1471.572	1278.11	1139.458	1059.844	999.88	941.668	870.877	1030.329	1247.993	-1	-1	-1	-1	1922.05
5	-1	1848.257	1867.877	1915.191	-1	-1	-1	-1	1470.814	1268.039	1156.249	1288.829	1346.756	1478.06	1588.916	1708.418	1793.353	1870.08	1955.741	2008.885	2058.445	2101.104	2154.058	2181	2215.428	2231.301	2263.425	2267.317	2270.169	2270.37	2296.248	2238.486	2295.242	2286.56	2289.279	2290.634	2289.526	2285.959	2281.057	2281.057	2285.959	2289.526	2290.634	2289.279	2286.56	2295.242	2238.486	2296.248	2270.37	2270.169	2267.317	2263.425	2231.301	2215.428	2181	2154.058	2101.104	2058.445	2008.885	1955.741	1870.08	1793.353	1708.418	1588.916	1478.06	1346.756	1288.829	1156.249	1268.039	1470.814	-1	-1	-1	-1	1915.191
6	-1	1813.99	1906.229	1959.6	-1	-1	1745.268	1452.211	1350.543	1212.287	1233.462	1357.286	1548.771	1642.684	1749.28	1830.317	1905.027	1967.056	2031.237	2085.319	2138.598	2177.378	2231.315	2266.679	2304.517	2316.465	2348.207	2354.619	2368.434	2383.621	2430.131	2438.026	2433.303	2456.097	2460.728	2457.506	2460.481	2469.795	2471.052	2471.052	2469.795	2460.481	2457.506	2460.728	2456.097	2433.303	2438.026	2430.131	2383.621	2368.434	2354.619	2348.207	2316.465	2304.517	2266.679	2231.315	2177.378	2138.598	2085.319	2031.237	1967.056	1905.027	1830.317	1749.28	1642.684	1548.771	1357.286	1233.462	1212.287	1350.543	1452.211	1745.268	-1	-1	1959.6
7	-1	1759.302	1796.255	1906.209	-1	-1	-1	1407.164	1337.229	1288.457	1401.587	1538.652	1639.119	1734.732	1817.292	1898.347	1967.197	2022.431	2094.477	2139.191	2195.403	2242.987	2320.034	2362.141	2417.578	2462.823	2511.281	2510.878	2546.227	2573.956	2561.428	2575.772	2579.993	2621.161	2631.139	2626.838	2632.498	2648.791	2650.035	2650.035	2648.791	2632.498	2626.838	2631.139	2621.161	2579.993	2575.772	2561.428	2573.956	2546.227	2510.878	2511.281	2462.823	2417.578	2362.141	2320.034	2242.987	2195.403	2139.191	2094.477	2022.431	1967.197	1898.347	1817.292	1734.732	1639.119	1538.652	1401.587	1288.457	1337.229	1407.164	-1	-1	-1	1906.209
8	-1	1515.567	1556.385	1604.738	1619.227	1548.193	1417.224	1127.466	1293.876	1356.655	1516.595	1589.303	1704.657	1792.477	1874.437	1948.438	2015.064	2078.497	2150.287	2214.903	2301.678	2354.63	2453.034	2521.46	2610.707	2720.564	2804.127	2795.848	2815.088	2715.34	2783.069	2990.04	3163.913	3225.71	3226.654	3144.931	3152.309	3251.627	3267.378	3267.378	3251.627	3152.309	3144.931	3226.654	3225.71	3163.913	2990.04	2783.069	2715.34	2815.088	2795.848	2804.127	2720.564	2610.707	2521.46	2453.034	2354.63	2301.678	2214.903	2150.287	2078.497	2015.064	1948.438	1874.437	1792.477	1704.657	1589.303	1516.595	1356.655	1293.876	1127.466	1417.224	1548.193	1619.227	1604.738
9	-1	2214.439	2165.216	-1	-1	1615.838	1315.897	1227.947	1350.069	1474.127	1551.715	1655.941	1748.122	1830.049	1916.836	1983.534	2060.346	2123.653	2214.095	2289.163	2396.364	2528.898	2695.211	2871.907	3184.679	-1	-1	3045.972	2901.639	2720.857	2903.783	2966.175	-1	-1	-1	-1	-1	-1	-1	-1	-1	-1	-1	-1	-1	-1	2966.175	2903.783	2720.857	2901.639	3045.972	-1	-1	3184.679	2871.907	2695.211	2528.898	2396.364	2289.163	2214.095	2123.653	2060.346	1983.534	1916.836	1830.049	1748.122	1655.941	1551.715	1474.127	1350.069	1227.947	1315.897	1615.838	-1	-1
10	-1	2297.319	2241.214	-1	1589.741	1238.304	1210.527	1270.114	1429.011	1510.031	1610.956	1708.619	1797.305	1865.309	1943.384	2011.407	2071.261	2152.669	2243.285	2356.864	2510.025	2833.495	-1	-1	-1	-1	-1	3007.692	2835.709	2937.802	2984.213	3010.409	-1	-1	-1	-1	-1	-1	-1	-1	-1	-1	-1	-1	-1	-1	3010.409	2984.213	2937.802	2835.709	3007.692	-1	-1	-1	-1	-1	2833.495	2510.025	2356.864	2243.285	2152.669	2071.261	2011.407	1943.384	1865.309	1797.305	1708.619	1610.956	1510.031	1429.011	1270.114	1210.527	1238.304	1589.741	-1
11	-1	2267.618	2099.522	1802.514	1175.358	1071.204	1204.414	1324.013	1451.603	1546.285	1641.861	1723.852	1805.414	1880.86	1953.53	2017.43	2086.313	2181.737	2283.028	2463.162	2829.463	-1	-1	-1	-1	-1	-1	3028.974	2756.711	3070.221	2929.243	-1	-1	-1	-1	-1	-1	-1	-1	-1	-1	-1	-1	-1	-1	-1	-1	2929.243	3070.221	2756.711	3028.974	-1	-1	-1	-1	-1	-1	2829.463	2463.162	2283.028	2181.737	2086.313	2017.43	1953.53	1880.86	1805.414	1723.852	1641.861	1546.285	1451.603	1324.013	1204.414	1071.204	1175.358	1802.514
12	-1	-1	2333.703	2040.24	1308.967	1106.07	1204.136	1355.876	1469.616	1550.911	1636.64	1718.676	1805.225	1873.545	1954.449	2027.706	2084.273	2201.339	2339.085	2603.638	3019.174	-1	-1	-1	-1	-1	-1	-1	2974.393	-1	-1	-1	-1	-1	-1	-1	-1	-1	-1	-1	-1	-1	-1	-1	-1	-1	-1	-1	-1	2974.393	-1	-1	-1	-1	-1	-1	-1	3019.174	2603.638	2339.085	2201.339	2084.273	2027.706	1954.449	1873.545	1805.225	1718.676	1636.64	1550.911	1469.616	1355.876	1204.136	1106.07	1308.967	2040.24
13	-1	2232.908	1838.064	1473.906	1310.904	1294.283	1343.306	1415.762	1524.807	1608.521	1673.381	1757.701	1809.967	1878.692	1930.079	2005.563	2096.224	2225.645	2415.255	2767.407	-1	-1	-1	-1	-1	-1	-1	-1	-1	-1	-1	-1	-1	-1	-1	-1	-1	-1	-1	-1	-1	-1	-1	-1	-1	-1	-1	-1	-1	-1	-1	-1	-1	-1	-1	-1	-1	-1	2767.407	2415.255	2225.645	2096.224	2005.563	1930.079	1878.692	1809.967	1757.701	1673.381	1608.521	1524.807	1415.762	1343.306	1294.283	1310.904	1473.906
14	-1	-1	2060.333	1508.885	1288.325	1271.226	1316.286	1422.338	1514.739	1599.179	1646.101	1737.094	1804.352	1854.108	1903.279	1991.559	2064.213	2217.504	2531.742	-1	-1	-1	-1	-1	2771.687	-1	2709.074	-1	2875.531	-1	-1	-1	-1	-1	-1	-1	-1	-1	-1	-1	-1	-1	-1	-1	-1	-1	-1	-1	-1	2875.531	-1	2709.074	-1	2771.687	-1	-1	-1	-1	-1	2531.742	2217.504	2064.213	1991.559	1903.279	1854.108	1804.352	1737.094	1646.101	1599.179	1514.739	1422.338	1316.286	1271.226	1288.325	1508.885
15	1747.235	-1	1958.347	1434.325	1334.012	1331.968	1368.375	1458.694	1532.445	1600.64	1648.545	1702.507	1767.195	1823.464	1907.86	1976.28	2069.574	2373.677	-1	-1	-1	-1	-1	2794.251	-1	-1	-1	-1	-1	-1	-1	-1	-1	-1	-1	-1	-1	-1	-1	-1	-1	-1	-1	-1	-1	-1	-1	-1	-1	-1	-1	-1	-1	-1	2794.251	-1	-1	-1	-1	-1	2373.677	2069.574	1976.28	1907.86	1823.464	1767.195	1702.507	1648.545	1600.64	1532.445	1458.694	1368.375	1331.968	1334.012	1434.325
16	-1	2006.999	1459.124	1308.053	1326.394	1356.429	1396.368	1478.932	1557.692	1622.361	1660.133	1726.911	1782.163	1832.066	1864.98	1948.986	1999.077	2070.864	-1	-1	-1	-1	-1	-1	2624.903	-1	2632.704	2775.999	-1	-1	-1	-1	-1	-1	-1	-1	-1	-1	-1	-1	-1	-1	-1	-1	-1	-1	-1	-1	-1	-1	2775.999	2632.704	-1	2624.903	-1	-1	-1	-1	-1	-1	2070.864	1999.077	1948.986	1864.98	1832.066	1782.163	1726.911	1660.133	1622.361	1557.692	1478.932	1396.368	1356.429	1326.394	1308.053
17	-1	2175.284	1602.933	1353.212	1309.564	1317.877	1345.076	1425.717	1506.299	1561.879	1644.009	1693.365	1743.87	1779.949	1863.664	1991.492	2148.544	2328.277	-1	-1	-1	-1	-1	2704.201	2695.167	-1	-1	-1	-1	-1	-1	-1	-1	-1	-1	-1	-1	-1	-1	-1	-1	-1	-1	-1	-1	-1	-1	-1	-1	-1	-1	-1	-1	2695.167	2704.201	-1	-1	-1	-1	-1	2328.277	2148.544	1991.492	1863.664	1779.949	1743.87	1693.365	1644.009	1561.879	1506.299	1425.717	1345.076	1317.877	1309.564	1353.212
18	-1	1627.441	1413.042	1389.474	1409.078	1423.879	1445.521	1455.268	1540.137	1584.638	1587.507	1659.418	1681.456	1734.478	1810.232	1822.898	1976.112	-1	2528.802	-1	2461.726	-1	2625.551	-1	2547.779	2384.586	-1	-1	-1	-1	-1	-1	-1	-1	-1	-1	-1	-1	-1	-1	-1	-1	-1	-1	-1	-1	-1	-1	-1	-1	-1	-1	2384.586	2547.779	-1	2625.551	-1	2461.726	-1	2528.802	-1	1976.112	1822.898	1810.232	1734.478	1681.456	1659.418	1587.507	1584.638	1540.137	1455.268	1445.521	1423.879	1409.078	1389.474
19	-1	1845.552	1388.016	1361.032	1369.892	1387.086	1409.146	1462.121	1511.372	1532.39	1614.035	1645.958	1664.35	1694.108	1727.917	1822.39	1918.428	2056.051	2412.578	2407.785	2433.865	2541.075	2560.518	2622.351	2675.981	2723.682	-1	-1	-1	-1	-1	-1	-1	-1	-1	-1	-1	-1	-1	-1	-1	-1	-1	-1	-1	-1	-1	-1	-1	-1	-1	-1	2723.682	2675.981	2622.351	2560.518	2541.075	2433.865	2407.785	2412.578	2056.051	1918.428	1822.39	1727.917	1694.108	1664.35	1645.958	1614.035	1532.39	1511.372	1462.121	1409.146	1387.086	1369.892	1361.032
20	-1	-1	1712.04	1474.759	1373.112	1346.104	1347.778	1422.246	1493.312	1526.801	1573.681	1591.883	1662.089	1708.719	1806.451	1794.761	1539.487	2154.9	2144.989	2461.222	2072.142	2019.763	2091.242	2115.541	2224.824	2510.446	-1	-1	-1	-1	-1	-1	-1	-1	-1	-1	-1	-1	-1	-1	-1	-1	-1	-1	-1	-1	-1	-1	-1	-1	-1	-1	2510.446	2224.824	2115.541	2091.242	2019.763	2072.142	2461.222	2144.989	2154.9	1539.487	1794.761	1806.451	1708.719	1662.089	1591.883	1573.681	1526.801	1493.312	1422.246	1347.778	1346.104	1373.112	1474.759
21	-1	1785.421	1564.937	1409.772	1326.971	1294.437	1291.924	1373.462	1433.902	1488.027	1531.974	1599.556	1642.318	1686.443	1831.742	1958.264	2305.572	1996.052	2042.873	2119.129	-1	2402.352	2309.059	2285.349	2373.378	2457.244	2446.309	2587.693	-1	-1	-1	-1	-1	-1	-1	-1	-1	-1	-1	-1	-1	-1	-1	-1	-1	-1	-1	-1	-1	-1	2587.693	2446.309	2457.244	2373.378	2285.349	2309.059	2402.352	-1	2119.129	2042.873	1996.052	2305.572	1958.264	1831.742	1686.443	1642.318	1599.556	1531.974	1488.027	1433.902	1373.462	1291.924	1294.437	1326.971	1409.772
22	-1	1641.355	1469.136	1418.673	1394.968	1384.163	1382.032	1384.847	1450.605	1438.228	1438.099	1477.386	1569.126	1613.531	1497.499	1663.532	1620.261	1917.495	2253.444	2180.501	2123.291	2022.711	2216.367	2277.664	2259.006	2676.501	2528.186	2407.691	2401.463	-1	-1	-1	-1	-1	-1	-1	-1	-1	-1	-1	-1	-1	-1	-1	-1	-1	-1	-1	-1	2401.463	2407.691	2528.186	2676.501	2259.006	2277.664	2216.367	2022.711	2123.291	2180.501	2253.444	1917.495	1620.261	1663.532	1497.499	1613.531	1569.126	1477.386	1438.099	1438.228	1450.605	1384.847	1382.032	1384.163	1394.968	1418.673
23	-1	1696.827	1450.145	1396.628	1370.158	1358.544	1362.493	1366.188	1449.853	1495.814	1460.071	1544.081	1479.603	1569.512	1472.379	1618.569	1283.199	1335.432	1750.994	1435.285	1899.99	1802.497	1913.977	2402.107	2372.939	2507.751	2297.07	2239.017	2300.786	-1	2676.806	-1	-1	-1	-1	-1	-1	-1	-1	-1	-1	-1	-1	-1	-1	-1	-1	2676.806	-1	2300.786	2239.017	2297.07	2507.751	2372.939	2402.107	1913.977	1802.497	1899.99	1435.285	1750.994	1335.432	1283.199	1618.569	1472.379	1569.512	1479.603	1544.081	1460.071	1495.814	1449.853	1366.188	1362.493	1358.544	1370.158	1396.628
24	-1	1599.361	1442.834	1367.754	1320.368	1300.63	1302.652	1390.888	1441.267	1555.053	1471.713	1523.067	1517.198	1551.549	1318.887	1581.078	1277.314	1365.256	1489.357	1629.204	2000.893	2201.935	2008.873	2089.433	2240.766	2089.749	2100.508	2178.914	1980.071	2228.062	2676.125	2658.309	-1	-1	-1	-1	-1	-1	-1	-1	-1	-1	-1	-1	-1	-1	2658.309	2676.125	2228.062	1980.071	2178.914	2100.508	2089.749	2240.766	2089.433	2008.873	2201.935	2000.893	1629.204	1489.357	1365.256	1277.314	1581.078	1318.887	1551.549	1517.198	1523.067	1471.713	1555.053	1441.267	1390.888	1302.652	1300.63	1320.368	1367.754
25	-1	2011.2	1646.322	1454.356	1352.675	1327.807	1323.189	1416.587	1421.336	1421.64	1352.614	1472.36	1448.104	1393.659	1280.203	1236.133	1231.791	1193.243	1627.885	1798.778	2288.762	2109.669	-1	2207.814	2458.445	2383.298	2238.085	2068.047	2053.308	2282.777	2564.625	2494.084	-1	-1	-1	-1	-1	-1	-1	-1	-1	-1	-1	-1	-1	-1	2494.084	2564.625	2282.777	2053.308	2068.047	2238.085	2383.298	2458.445	2207.814	-1	2109.669	2288.762	1798.778	1627.885	1193.243	1231.791	1236.133	1280.203	1393.659	1448.104	1472.36	1352.614	1421.64	1421.336	1416.587	1323.189	1327.807	1352.675	1454.356
26	-1	2022.107	1801.898	1642.413	1446.196	1303.154	1259.69	1404.175	1377.745	1463.551	1422.912	1356.679	1364.272	1381.891	1236.273	1266.632	1363.81	1168.323	1467.533	1718.579	1782.904	1882.589	1933.305	1977.121	2006.829	2243.875	2169.978	2209.973	2076.194	2488.23	2493.472	-1	2432.066	2386.962	2408.313	2461.614	2455.913	2394.899	2366.304	2366.304	2394.899	2455.913	2461.614	2408.313	2386.962	2432.066	-1	2493.472	2488.23	2076.194	2209.973	2169.978	2243.875	2006.829	1977.121	1933.305	1882.589	1782.904	1718.579	1467.533	1168.323	1363.81	1266.632	1236.273	1381.891	1364.272	1356.679	1422.912	1463.551	1377.745	1404.175	1259.69	1303.154	1446.196	1642.413
27	-1	1696.767	1463.18	1382.182	1299.839	1254.235	1278.624	1325.812	1528.942	1432.158	1599.918	1449.321	1498.483	1357.065	1190.573	1107.056	1099.741	1260.37	1334.938	1673.892	1786.91	1822.759	1914.721	1893.246	2088.553	1981.819	2070.304	2026.021	1972.741	2088.562	2437.807	2509.561	-1	2632.596	-1	-1	-1	2650.888	2615.647	2615.647	2650.888	-1	-1	-1	2632.596	-1	2509.561	2437.807	2088.562	1972.741	2026.021	2070.304	1981.819	2088.553	1893.246	1914.721	1822.759	1786.91	1673.892	1334.938	1260.37	1099.741	1107.056	1190.573	1357.065	1498.483	1449.321	1599.918	1432.158	1528.942	1325.812	1278.624	1254.235	1299.839	1382.182
28	-1	2094.015	1925.436	1834.119	1681.806	1415.55	1238.878	1372.838	1494.58	1509.1	1495.638	1355.018	1335.866	1306.27	1187.878	1115.093	1143.147	1151.64	1226.936	1350.69	1580.445	1605.628	1980.59	1598.528	1999.359	2111.351	2118.271	1978.273	1935.024	2201.001	2487.95	2389.32	-1	-1	-1	-1	-1	-1	-1	-1	-1	-1	-1	-1	-1	-1	2389.32	2487.95	2201.001	1935.024	1978.273	2118.271	2111.351	1999.359	1598.528	1980.59	1605.628	1580.445	1350.69	1226.936	1151.64	1143.147	1115.093	1187.878	1306.27	1335.866	1355.018	1495.638	1509.1	1494.58	1372.838	1238.878	1415.55	1681.806	1834.119
29	-1	2024.138	1768.344	1670.447	1514.535	1362.262	1388.321	1460.653	1536.788	1572.719	1556.471	1538.553	1349.508	1323.129	1158.605	1126.159	1171.92	1158.713	1230.592	1402.042	1453.628	1713.379	1823.452	1706.555	2038.535	1990.148	2051.437	1776.052	1584.635	1986.321	2095.845	2479.704	2344.007	2458.288	2456.277	2410.835	2426.633	2497.543	2524.546	2524.546	2497.543	2426.633	2410.835	2456.277	2458.288	2344.007	2479.704	2095.845	1986.321	1584.635	1776.052	2051.437	1990.148	2038.535	1706.555	1823.452	1713.379	1453.628	1402.042	1230.592	1158.713	1171.92	1126.159	1158.605	1323.129	1349.508	1538.553	1556.471	1572.719	1536.788	1460.653	1388.321	1362.262	1514.535	1670.447
30	-1	-1	1932.003	1915.277	1874.444	1768.003	1677.528	1405.735	1409.517	1548.085	1376.829	1401.256	1378.388	1218.887	1208.692	1116.644	1197.601	1141.591	1223.757	1381.514	1516.396	1625.606	1447.808	1644.908	1586.569	1705.831	1669.896	1638.856	1827.935	1831.859	1937.986	2368.175	2272.083	2339.731	2378.336	2404.653	2418.587	2415.665	2396.227	2396.227	2415.665	2418.587	2404.653	2378.336	2339.731	2272.083	2368.175	1937.986	1831.859	1827.935	1638.856	1669.896	1705.831	1586.569	1644.908	1447.808	1625.606	1516.396	1381.514	1223.757	1141.591	1197.601	1116.644	1208.692	1218.887	1378.388	1401.256	1376.829	1548.085	1409.517	1405.735	1677.528	1768.003	1874.444	1915.277
31	-1	1715.638	1628.826	1630.968	1642.531	1761.247	-1	-1	1609.085	1731.224	1610.623	1387.269	1397.863	1522.908	1302.309	1462.902	1121.024	1055.621	1180.092	1159.56	1495.214	1721.205	1638.718	1679.295	1646.481	1729.225	1673.164	1806.111	1689.567	1997.151	1979.183	2198.377	2024.625	2004.114	2003.93	2043.409	2040.669	1992.039	1985.196	1985.196	1992.039	2040.669	2043.409	2003.93	2004.114	2024.625	2198.377	1979.183	1997.151	1689.567	1806.111	1673.164	1729.225	1646.481	1679.295	1638.718	1721.205	1495.214	1159.56	1180.092	1055.621	1121.024	1462.902	1302.309	1522.908	1397.863	1387.269	1610.623	1731.224	1609.085	-1	-1	1761.247	1642.531	1630.968
32	-1	-1	1899.337	1993.953	-1	-1	-1	1646.871	1787.938	1720.882	1532.83	1365.308	1367.632	1293.869	1333.822	1206.875	1254.713	1108.419	1289.2	1256.975	1395.334	1398.911	1426.086	1654.672	1678.054	1688.046	1624.279	1696.698	1836.359	2069.782	1654.875	2017.64	1877.947	1983.194	1987.329	1942.051	1956.945	2027.549	2049.512	2049.512	2027.549	1956.945	1942.051	1987.329	1983.194	1877.947	2017.64	1654.875	2069.782	1836.359	1696.698	1624.279	1688.046	1678.054	1654.672	1426.086	1398.911	1395.334	1256.975	1289.2	1108.419	1254.713	1206.875	1333.822	1293.869	1367.632	1365.308	1532.83	1720.882	1787.938	1646.871	-1	-1	-1	1993.953
33	-1	-1	-1	-1	1643.908	1597.938	1670.775	1674.338	1713.702	1731.102	1861.385	1862.304	1706.77	1624.659	1426.675	1206.52	1079.245	1088.214	1390.887	1285.362	1531.178	1592.038	1362.692	1354.014	1483.308	1584.568	1537.772	1592.315	1445.015	1774.543	1751.333	1859.33	1350.559	1362.18	1371.681	1413.829	1414.803	1375.561	1368.407	1368.407	1375.561	1414.803	1413.829	1371.681	1362.18	1350.559	1859.33	1751.333	1774.543	1445.015	1592.315	1537.772	1584.568	1483.308	1354.014	1362.692	1592.038	1531.178	1285.362	1390.887	1088.214	1079.245	1206.52	1426.675	1624.659	1706.77	1862.304	1861.385	1731.102	1713.702	1674.338	1670.775	1597.938	1643.908	-1
34	-1	-1	-1	-1	-1	1693.634	1560.781	-1	-1	2020.003	1371.915	1379.488	1018.447	1018.262	813.751	862.261	1049.157	1163.09	1228.586	1698.739	1556.699	1393.968	1225.747	1551.774	1518.288	1565.679	1639.121	1797.678	1553.19	1749.937	1956.694	1960.979	1601.512	1574.536	1522.537	1493.945	1490.953	1513.943	1559.23	1559.23	1513.943	1490.953	1493.945	1522.537	1574.536	1601.512	1960.979	1956.694	1749.937	1553.19	1797.678	1639.121	1565.679	1518.288	1551.774	1225.747	1393.968	1556.699	1698.739	1228.586	1163.09	1049.157	862.261	813.751	1018.262	1018.447	1379.488	1371.915	2020.003	-1	-1	1560.781	1693.634	-1	-1
35	-1	-1	-1	-1	-1	-1	1625.812	1518.277	1479.848	1490.299	1339.13	1312.585	1221.521	1559.56	1761.183	596.159	1481.853	1932.62	1512.706	1545.816	1908.23	1513.337	1440.094	1456.315	1393.538	1434.737	1343.307	1266.336	1408.994	1533.155	1440.066	-1	-1	-1	-1	-1	-1	-1	-1	-1	-1	-1	-1	-1	-1	-1	-1	1440.066	1533.155	1408.994	1266.336	1343.307	1434.737	1393.538	1456.315	1440.094	1513.337	1908.23	1545.816	1512.706	1932.62	1481.853	596.159	1761.183	1559.56	1221.521	1312.585	1339.13	1490.299	1479.848	1518.277	1625.812	-1	-1	-1
36	-1	2046.835	1949.59	1983.857	-1	-1	-1	-1	-1	1757.227	1872.482	1598.853	1518.858	1177.6	1304.085	1602.347	1676.677	-1	-1	-1	1743.147	1533.176	1535.345	1440.473	1262.113	1497.363	1351.622	1570.479	1598.64	1581.427	2027.994	2058.081	2034.102	2036.364	1947.672	1678.985	1676.1	1947.368	2037.876	2037.876	1947.368	1676.1	1678.985	1947.672	2036.364	2034.102	2058.081	2027.994	1581.427	1598.64	1570.479	1351.622	1497.363	1262.113	1440.473	1535.345	1533.176	1743.147	-1	-1	-1	1676.677	1602.347	1304.085	1177.6	1518.858	1598.853	1872.482	1757.227	-1	-1	-1	-1	-1	1983.857
37	-1	-1	-1	-1	-1	-1	1781.972	1659.691	1814.069	1674.68	1437.239	1916.028	1581.033	1967.884	1820.074	1635.037	-1	1539.15	1533.206	1296.093	1231.774	1052.15	1029.391	1330.633	1254.977	1429.62	1436.945	1614.414	1559.699	1588.757	1657.982	1971.186	1777.196	1795.871	1794.456	1769.547	1771.59	1803.23	1812.028	1812.028	1803.23	1771.59	1769.547	1794.456	1795.871	1777.196	1971.186	1657.982	1588.757	1559.699	1614.414	1436.945	1429.62	1254.977	1330.633	1029.391	1052.15	1231.774	1296.093	1533.206	1539.15	-1	1635.037	1820.074	1967.884	1581.033	1916.028	1437.239	1674.68	1814.069	1659.691	1781.972	-1	-1	-1
38	-1	-1	-1	-1	1909.853	1797.469	1799.599	1812.531	1825.482	1622.008	1583.867	1677.963	1441.338	1237.44	1697	1532.705	-1	-1	-1	-1	1505.361	1510.759	1601.919	1741.311	1577.027	1596.47	1900.535	1601.582	1495.542	1565.048	1837.691	1935.149	-1	-1	-1	-1	-1	-1	-1	-1	-1	-1	-1	-1	-1	-1	1935.149	1837.691	1565.048	1495.542	1601.582	1900.535	1596.47	1577.027	1741.311	1601.919	1510.759	1505.361	-1	-1	-1	-1	1532.705	1697	1237.44	1441.338	1677.963	1583.867	1622.008	1825.482	1812.531	1799.599	1797.469	1909.853	-1
39	-1	1857.547	1798.459	1780.082	1803.311	-1	-1	-1	-1	-1	1781.242	1722.25	1459.871	1398.228	762.237	-1	-1	592.216	1443.24	-1	1801.078	-1	1668.031	1760.456	1738.172	1876.511	1403.608	1227.717	1366.998	1419.417	1786.374	-1	1763.938	1907.59	1907.713	-1	-1	-1	-1	-1	-1	-1	-1	1907.713	1907.59	1763.938	-1	1786.374	1419.417	1366.998	1227.717	1403.608	1876.511	1738.172	1760.456	1668.031	-1	1801.078	-1	1443.24	592.216	-1	-1	762.237	1398.228	1459.871	1722.25	1781.242	-1	-1	-1	-1	-1	1803.311	1780.082
40	-1	-1	2088.306	-1	-1	-1	-1	-1	-1	1884.399	1777.253	1776.798	1773.847	1480.645	1341.923	618.026	784.871	-1	-1	-1	-1	1091.175	-1	1750.348	1824.557	1712.184	1700.069	1684.637	1803.198	1706.245	-1	-1	-1	-1	-1	-1	-1	-1	-1	-1	-1	-1	-1	-1	-1	-1	-1	-1	1706.245	1803.198	1684.637	1700.069	1712.184	1824.557	1750.348	-1	1091.175	-1	-1	-1	-1	784.871	618.026	1341.923	1480.645	1773.847	1776.798	1777.253	1884.399	-1	-1	-1	-1	-1	-1
41	-1	-1	-1	-1	-1	-1	-1	-1	1782.785	1854.499	-1	960.841	1724.5	-1	1701.409	1453.786	905.436	-1	-1	-1	-1	-1	-1	-1	-1	-1	1758.716	1623.488	1815.747	-1	-1	-1	-1	-1	-1	-1	-1	-1	-1	-1	-1	-1	-1	-1	-1	-1	-1	-1	-1	1815.747	1623.488	1758.716	-1	-1	-1	-1	-1	-1	-1	-1	-1	905.436	1453.786	1701.409	-1	1724.5	960.841	-1	1854.499	1782.785	-1	-1	-1	-1	-1
42	-1	-1	-1	-1	-1	-1	-1	1723.504	1547.243	1334.754	-1	1485.072	1192.116	-1	1706.351	-1	-1	-1	1514.346	1295.477	1447.142	1482.068	-1	1518.445	-1	-1	-1	-1	-1	-1	-1	-1	-1	-1	-1	-1	-1	-1	-1	-1	-1	-1	-1	-1	-1	-1	-1	-1	-1	-1	-1	-1	-1	-1	1518.445	-1	1482.068	1447.142	1295.477	1514.346	-1	-1	-1	1706.351	-1	1192.116	1485.072	-1	1334.754	1547.243	1723.504	-1	-1	-1	-1
43	-1	-1	-1	-1	-1	-1	-1	1449.439	1537.169	-1	-1	-1	-1	-1	-1	-1	-1	-1	-1	-1	-1	-1	-1	-1	-1	-1	-1	-1	-1	-1	-1	-1	-1	-1	-1	-1	-1	-1	-1	-1	-1	-1	-1	-1	-1	-1	-1	-1	-1	-1	-1	-1	-1	-1	-1	-1	-1	-1	-1	-1	-1	-1	-1	-1	-1	-1	-1	-1	-1	1537.169	1449.439	-1	-1	-1	-1
44	-1	1802.298	1842.237	-1	-1	-1	-1	-1	-1	-1	-1	1570.07	-1	1792.436	-1	-1	-1	1340.003	1694.978	1641.165	-1	-1	-1	-1	-1	-1	-1	-1	-1	-1	-1	-1	-1	-1	-1	-1	-1	-1	-1	-1	-1	-1	-1	-1	-1	-1	-1	-1	-1	-1	-1	-1	-1	-1	-1	-1	-1	-1	1641.165	1694.978	1340.003	-1	-1	-1	1792.436	-1	1570.07	-1	-1	-1	-1	-1	-1	-1	-1
45	-1	1645.218	1631.323	1646.208	1734.845	-1	-1	-1	-1	-1	-1	-1	-1	-1	-1	1709.584	-1	-1	-1	-1	-1	-1	-1	-1	-1	-1	-1	-1	-1	-1	-1	-1	-1	-1	-1	-1	-1	-1	-1	-1	-1	-1	-1	-1	-1	-1	-1	-1	-1	-1	-1	-1	-1	-1	-1	-1	-1	-1	-1	-1	-1	-1	1709.584	-1	-1	-1	-1	-1	-1	-1	-1	-1	-1	1734.845	1646.208
