lateral	-37.5	-36.5	-35.5	-34.5	-33.5	-32.5	-31.5	-30.5	-29.5	-28.5	-27.5	-26.5	-25.5	-24.5	-23.5	-22.5	-21.5	-20.5	-19.5	-18.5	-17.5	-16.5	-15.5	-14.5	-13.5	-12.5	-11.5	-10.5	-9.5	-8.5	-7.5	-6.5	-5.5	-4.5	-3.5	-2.5	-1.5	-0.5	0.5	1.5	2.5	3.5	4.5	5.5	6.5	7.5	8.5	9.5	10.5	11.5	12.5	13.5	14.5	15.5	16.5	17.5	18.5	19.5	20.5	21.5	22.5	23.5	24.5	25.5	26.5	27.5	28.5	29.5	30.5	31.5	32.5	33.5	34.5	35.5	36.5	37.5	38.5
DFB	mm	mm	mm	mm	mm	mm	mm	mm	mm	mm	mm	mm	mm	mm	mm	mm	mm	mm	mm	mm	mm	mm	mm	mm	mm	mm	mm	mm	mm	mm	mm	mm	mm	mm	mm	mm	mm	mm	mm	mm	mm	mm	mm	mm	mm	mm	mm	mm	mm	mm	mm	mm	mm	mm	mm	mm	mm	mm	mm	mm	mm	mm	mm	mm	mm	mm	mm	mm	mm	mm	mm	mm	mm	mm	mm	mm	mm
-5	-83.20555	0	0	0	0	0	0	0	0	0	0	0	0	0	0	0	0	0	0	0	0	0	0	0	0	0	0	0	0	0	0	0	0	0	0	0	0	0	0	0	0	0	0	0	0	0	0	0	0	0	0	0	0	0	0	0	0	0	0	0	0	0	0	0	0	0	0	0	0	0	0	0	0	0	0	0	0
-4	-71.00746	0	0	0	0	0	0	0	0	0	0	0	0	0	0	0	0	0	0	0	0	0	0	0	0	0	0	0	0	0	0	0	0	0	0	0	0	0	0	0	0	0	0	0	0	0	0	0	0	0	0	0	0	0	0	0	0	0	0	0	0	0	0	0	0	0	0	0	0	0	0	0	0	0	0	0	0
-3	-75.1599	0	0	0	0	0	0	0	0	0	0	0	0	0	0	0	0	0	0	0	0	0	0	0	0	0	0	0	0	0	0	0	0	0	0	0	0	0	0	0	0	0	0	0	0	0	0	0	0	0	0	0	0	0	0	0	0	0	0	0	0	0	0	0	0	0	0	0	0	0	0	0	0	0	0	0	0
-2	-64.07201	0	0	0	0	0	0	0	0	0	0	0	0	0	0	0	0	0	0	0	0	0	0	0	0	0	0	0	0	0	0	0	0	0	0	0	0	0	0	0	0	0	0	0	0	0	0	0	0	0	0	0	0	0	0	0	0	0	0	0	0	0	0	0	0	0	0	0	0	0	0	0	0	0	0	0	0
-1	-76.71361	0	0	0	0	0	0	0	0	0	0	0	0	0	0	0	0	0	0	0	0	0	0	0	0	0	0	0	0	0	0	0	0	0	0	0	0	0	0	0	0	0	0	0	0	0	0	0	0	0	0	0	0	0	0	0	0	0	0	0	0	0	0	0	0	0	0	0	0	0	0	0	0	0	0	0	0
0	-61.16696	0	0	0	0	0	0	0	0	0	0	0	0	0	0	0	0	0	0	0	0	0	0	0	0	0	0	0	0	0	0	0	3.06012	4.04467	4.32749	3.88901	4.01208	4.6967	4.66001	4.66001	4.6967	4.01208	3.88901	4.32749	4.04467	3.06012	0	0	0	0	0	0	0	0	0	0	0	0	0	0	0	0	0	0	0	0	0	0	0	0	0	0	0	0	0	0	0
1	-82.49326	0	0	0	0	0	0	0	0	0	0	0	0	0	0	0	0	0	0	0	0	0	0	0	0	3.63874	4.89893	2.272	5.30369	2.52249	8.39523	5.01632	7.97646	7.68473	7.37778	6.395	6.35853	7.26838	7.5024	7.5024	7.26838	6.35853	6.395	7.37778	7.68473	7.97646	5.01632	8.39523	2.52249	5.30369	2.272	4.89893	3.63874	0	0	0	0	0	0	0	0	0	0	0	0	0	0	0	0	0	0	0	0	0	0	0	0
2	-58.50197	0	0	0	0	0	0	0	0	0	0	0	0	0	0	0	0	0	0	0.29675	3.56824	4.01581	5.38651	3.32321	8.65267	5.57329	10.94074	5.58867	9.76291	8.59137	15.75241	9.19921	17.21898	17.34185	18.21339	18.50708	18.52244	18.25947	17.41864	17.41864	18.25947	18.52244	18.50708	18.21339	17.34185	17.21898	9.19921	15.75241	8.59137	9.76291	5.58867	10.94074	5.57329	8.65267	3.32321	5.38651	4.01581	3.56824	0.29675	0	0	0	0	0	0	0	0	0	0	0	0	0	0	0	0	0	0
3	-71.4901	0	0	0	0	0	0	0	0	0	0	0	0	0	0	0	0	0	1.59505	2.82721	8.37297	6.81249	13.17942	12.08118	18.6469	15.18421	23.0957	18.08118	23.8808	19.47727	27.50199	21.23715	35.48573	33.62218	33.8163	32.56467	32.33173	33.11747	32.45747	32.45747	33.11747	32.33173	32.56467	33.8163	33.62218	35.48573	21.23715	27.50199	19.47727	23.8808	18.08118	23.0957	15.18421	18.6469	12.08118	13.17942	6.81249	8.37297	2.82721	1.59505	0	0	0	0	0	0	0	0	0	0	0	0	0	0	0	0	0
4	-74.00125	0	0	0	0	0	0	0	0	0	0	0	0	0	0	0	0	0	1.9436	6.48567	13.43821	14.57475	21.82343	22.88254	25.54664	20.29421	33.46004	33.90645	44.08813	36.14984	39.9264	42.00306	52.22424	45.78196	44.30305	42.71433	41.90905	41.88718	41.75553	41.75553	41.88718	41.90905	42.71433	44.30305	45.78196	52.22424	42.00306	39.9264	36.14984	44.08813	33.90645	33.46004	20.29421	25.54664	22.88254	21.82343	14.57475	13.43821	6.48567	1.9436	0	0	0	0	0	0	0	0	0	0	0	0	0	0	0	0	0
5	-80.18671	0	0	0	0	0	0	0	0	0	0	0	0	0	0	0	3.33353	6.28433	13.05777	14.2845	21.51482	24.24979	35.14042	30.22323	34.58514	38.65719	49.78993	48.54032	62.39321	60.70834	63.98834	56.52738	69.54908	62.16859	61.60082	62.37384	61.45128	58.83314	57.55578	57.55578	58.83314	61.45128	62.37384	61.60082	62.16859	69.54908	56.52738	63.98834	60.70834	62.39321	48.54032	49.78993	38.65719	34.58514	30.22323	35.14042	24.24979	21.51482	14.2845	13.05777	6.28433	3.33353	0	0	0	0	0	0	0	0	0	0	0	0	0	0	0
6	-72.08867	0	0	0	0	0	0	0	0	0	0	0	0	0	0	0	6.34482	10.40036	20.73031	20.7077	25.8219	32.21453	38.97087	45.46716	54.64579	59.46641	67.52433	73.66643	72.51012	77.44283	86.2173	84.76336	93.4546	88.99943	87.40747	84.98873	84.43184	85.73677	86.21496	86.21496	85.73677	84.43184	84.98873	87.40747	88.99943	93.4546	84.76336	86.2173	77.44283	72.51012	73.66643	67.52433	59.46641	54.64579	45.46716	38.97087	32.21453	25.8219	20.7077	20.73031	10.40036	6.34482	0	0	0	0	0	0	0	0	0	0	0	0	0	0	0
7	-64.82092	0	0	0	0	0	0	0	0	0	0	0	0	0	1.99895	7.12684	14.19538	18.41965	23.70851	29.2206	35.43139	43.02047	44.24457	48.31012	62.64137	70.7195	81.68301	87.9496	95.75197	98.8222	106.7639	107.1028	102.3891	96.49676	92.3508	88.35255	87.61596	90.14114	92.81393	92.81393	90.14114	87.61596	88.35255	92.3508	96.49676	102.3891	107.1028	106.7639	98.8222	95.75197	87.9496	81.68301	70.7195	62.64137	48.31012	44.24457	43.02047	35.43139	29.2206	23.70851	18.41965	14.19538	7.12684	1.99895	0	0	0	0	0	0	0	0	0	0	0	0	0
8	-62.17555	0	0	0	0	0	0	0	0	0	0	0	0	0	4.77679	9.6085	15.70368	23.50358	28.52784	29.40544	39.3072	45.32107	52.99178	68.61985	81.48435	81.79762	92.49867	97.22796	102.8645	105.0422	109.2747	113.2363	108.7294	104.682	103.0545	102.8522	102.3463	101.5367	102.1524	102.1524	101.5367	102.3463	102.8522	103.0545	104.682	108.7294	113.2363	109.2747	105.0422	102.8645	97.22796	92.49867	81.79762	81.48435	68.61985	52.99178	45.32107	39.3072	29.40544	28.52784	23.50358	15.70368	9.6085	4.77679	0	0	0	0	0	0	0	0	0	0	0	0	0
9	-16.4126	-0.88161	-1.19134	0.13903	0.21599	0	0	0	0	0	0	1.84899	3.44059	4.99627	9.76147	5.96986	13.12584	13.30705	21.81154	32.04127	45.00223	54.04975	58.64502	75.51137	84.02692	92.46891	92.51602	100.4983	108.0378	104.3295	113.6606	118.852	121.1462	119.3468	118.3443	116.6186	116.3937	117.6695	118.2222	118.2222	117.6695	116.3937	116.6186	118.3443	119.3468	121.1462	118.852	113.6606	104.3295	108.0378	100.4983	92.51602	92.46891	84.02692	75.51137	58.64502	54.04975	45.00223	32.04127	21.81154	13.30705	13.12584	5.96986	9.76147	4.99627	3.44059	1.84899	0	0	0	0	0	0	0.21599	0.13903	-1.19134	-0.88161
10	-15.40637	-1.76476	-1.91103	-0.46068	0	0	0	0	0	0	2.15884	2.61201	4.5657	3.23654	5.08173	7.23946	13.54246	19.1437	32.60482	43.43959	54.57541	52.50873	63.41949	70.43783	73.30358	85.85072	88.82673	92.3784	101.5346	98.88594	114.491	109.9971	110.7757	105.5478	104.9428	106.6744	106.0209	102.9823	102.2804	102.2804	102.9823	106.0209	106.6744	104.9428	105.5478	110.7757	109.9971	114.491	98.88594	101.5346	92.3784	88.82673	85.85072	73.30358	70.43783	63.41949	52.50873	54.57541	43.43959	32.60482	19.1437	13.54246	7.23946	5.08173	3.23654	4.5657	2.61201	2.15884	0	0	0	0	0	0	-0.46068	-1.91103	-1.76476
11	-16.77184	-7.38149	-6.30258	-2.9185	-0.1768	0	0	0	0.95627	1.85459	1.24693	0.26488	-5.83601	2.23603	6.39194	9.69423	18.57942	25.41834	34.36462	45.3657	49.63073	54.72325	58.27749	64.89735	67.25732	81.07212	91.69098	99.65502	105.5311	101.5566	107.809	113.8756	112.4668	110.6268	110.4977	111.3151	111.085	109.8077	109.4768	109.4768	109.8077	111.085	111.3151	110.4977	110.6268	112.4668	113.8756	107.809	101.5566	105.5311	99.65502	91.69098	81.07212	67.25732	64.89735	58.27749	54.72325	49.63073	45.3657	34.36462	25.41834	18.57942	9.69423	6.39194	2.23603	-5.83601	0.26488	1.24693	1.85459	0.95627	0	0	0	-0.1768	-2.9185	-6.30258	-7.38149
12	-14.14373	-3.67381	-2.4816	0.01414	0.02257	0.18773	0.52399	0	2.24045	2.57544	2.77396	3.64387	3.21517	3.07466	4.99743	9.64858	18.21525	20.54831	29.09425	37.59015	46.32612	50.77376	62.01257	67.9937	69.1623	77.40704	83.86978	94.79247	97.20162	101.165	105.5426	112.1616	101.2523	99.06803	96.59911	94.86505	94.592	95.78005	97.70295	97.70295	95.78005	94.592	94.86505	96.59911	99.06803	101.2523	112.1616	105.5426	101.165	97.20162	94.79247	83.86978	77.40704	69.1623	67.9937	62.01257	50.77376	46.32612	37.59015	29.09425	20.54831	18.21525	9.64858	4.99743	3.07466	3.21517	3.64387	2.77396	2.57544	2.24045	0	0.52399	0.18773	0.02257	0.01414	-2.4816	-3.67381
13	-17.85619	0.26982	0.30365	0	0	0	0	0	-0.20079	-1.49991	-3.71664	-1.49337	2.09899	5.5198	12.14678	14.78031	21.45459	28.49935	33.13969	38.06495	42.54982	46.96615	45.88922	55.60168	55.02073	58.5558	69.37209	74.48441	88.02484	96.16262	100.0243	106.7548	111.6963	111.2456	110.2583	107.3207	107.2645	110.0893	110.9638	110.9638	110.0893	107.2645	107.3207	110.2583	111.2456	111.6963	106.7548	100.0243	96.16262	88.02484	74.48441	69.37209	58.5558	55.02073	55.60168	45.88922	46.96615	42.54982	38.06495	33.13969	28.49935	21.45459	14.78031	12.14678	5.5198	2.09899	-1.49337	-3.71664	-1.49991	-0.20079	0	0	0	0	0	0.30365	0.26982
14	-21.04258	-3.70904	-2.74352	0.11676	0	0	0	0	0.33019	2.02375	2.96522	3.56992	6.80647	9.31576	10.94361	12.48271	14.6495	21.3267	28.87705	31.90642	36.91465	44.02496	53.27775	55.68903	61.48419	70.45815	68.01605	72.97719	76.16689	80.60983	86.06962	84.24224	90.87139	89.35462	89.27318	88.75784	88.56825	88.70429	88.40654	88.40654	88.70429	88.56825	88.75784	89.27318	89.35462	90.87139	84.24224	86.06962	80.60983	76.16689	72.97719	68.01605	70.45815	61.48419	55.68903	53.27775	44.02496	36.91465	31.90642	28.87705	21.3267	14.6495	12.48271	10.94361	9.31576	6.80647	3.56992	2.96522	2.02375	0.33019	0	0	0	0	0.11676	-2.74352	-3.70904
15	-19.16053	-6.43989	-4.79144	-0.93798	0	0	0	0	2.29771	2.0787	2.82606	3.95255	5.50699	3.58885	6.11895	12.05478	15.48379	18.78272	25.86208	31.73907	34.53191	41.0041	45.14895	41.76557	49.03139	55.49205	64.29343	74.82325	68.11683	78.94246	80.94484	78.49292	88.42054	84.79156	85.58705	87.40985	86.95623	84.22618	82.52345	82.52345	84.22618	86.95623	87.40985	85.58705	84.79156	88.42054	78.49292	80.94484	78.94246	68.11683	74.82325	64.29343	55.49205	49.03139	41.76557	45.14895	41.0041	34.53191	31.73907	25.86208	18.78272	15.48379	12.05478	6.11895	3.58885	5.50699	3.95255	2.82606	2.0787	2.29771	0	0	0	0	-0.93798	-4.79144	-6.43989
16	-9.10926	-5.38059	-5.0405	-3.69019	-2.30533	-0.62932	0	0	2.19508	1.00821	1.02822	1.90499	5.31435	7.14046	10.95966	13.47519	14.40497	20.32508	21.76445	26.94275	28.04739	33.28012	39.91996	42.50168	47.71959	52.37844	57.57827	64.46644	64.18792	72.81121	73.12265	82.3497	75.44603	78.40039	78.98142	79.58847	79.95777	80.08931	80.24686	80.24686	80.08931	79.95777	79.58847	78.98142	78.40039	75.44603	82.3497	73.12265	72.81121	64.18792	64.46644	57.57827	52.37844	47.71959	42.50168	39.91996	33.28012	28.04739	26.94275	21.76445	20.32508	14.40497	13.47519	10.95966	7.14046	5.31435	1.90499	1.02822	1.00821	2.19508	0	0	-0.62932	-2.30533	-3.69019	-5.0405	-5.38059
17	-11.61358	-2.06279	-2.09071	-0.90317	-0.08457	0	0	0	0	0.6667	1.59474	3.96351	3.36047	4.56918	7.05868	12.76843	14.91431	17.13127	21.46682	28.61401	31.48307	35.73762	35.66647	37.27075	37.53271	42.64349	46.61169	53.32149	59.03954	58.70433	67.05843	80.9952	67.33632	70.19819	70.27144	70.9838	71.34154	71.34464	71.98686	71.98686	71.34464	71.34154	70.9838	70.27144	70.19819	67.33632	80.9952	67.05843	58.70433	59.03954	53.32149	46.61169	42.64349	37.53271	37.27075	35.66647	35.73762	31.48307	28.61401	21.46682	17.13127	14.91431	12.76843	7.05868	4.56918	3.36047	3.96351	1.59474	0.6667	0	0	0	0	-0.08457	-0.90317	-2.09071	-2.06279
18	-10.62964	-3.36309	-2.4727	-0.49093	0.00815	0.0866	0.35521	0.42735	2.76284	1.73558	2.18704	3.1015	4.00428	7.91654	8.38931	10.91825	10.92616	14.79833	19.0671	24.77334	23.31219	27.88171	33.83794	37.2259	42.49912	40.82306	45.00483	49.4539	43.32948	52.08815	54.04477	66.36285	60.60847	67.56218	71.59589	75.63832	76.50754	74.20353	71.90825	71.90825	74.20353	76.50754	75.63832	71.59589	67.56218	60.60847	66.36285	54.04477	52.08815	43.32948	49.4539	45.00483	40.82306	42.49912	37.2259	33.83794	27.88171	23.31219	24.77334	19.0671	14.79833	10.92616	10.91825	8.38931	7.91654	4.00428	3.1015	2.18704	1.73558	2.76284	0.42735	0.35521	0.0866	0.00815	-0.49093	-2.4727	-3.36309
19	-12.44372	-1.65396	-2.14685	-1.09084	-0.63644	-0.41318	-0.47252	0	-4.25441	-2.46357	-0.9543	3.04266	4.27666	6.37489	7.70216	10.6867	12.01561	15.11492	17.79926	17.49876	21.55397	24.77896	23.85764	29.27619	32.47283	35.91623	42.73974	49.21118	52.69702	50.34496	52.6267	58.36686	59.67827	58.51783	58.9535	59.97592	59.83086	58.51834	57.79255	57.79255	58.51834	59.83086	59.97592	58.9535	58.51783	59.67827	58.36686	52.6267	50.34496	52.69702	49.21118	42.73974	35.91623	32.47283	29.27619	23.85764	24.77896	21.55397	17.49876	17.79926	15.11492	12.01561	10.6867	7.70216	6.37489	4.27666	3.04266	-0.9543	-2.46357	-4.25441	0	-0.47252	-0.41318	-0.63644	-1.09084	-2.14685	-1.65396
20	-6.35117	-4.65625	-4.00023	-2.62419	-1.13846	0.14827	0.10569	0	1.50694	1.31521	0.89411	3.3247	2.21327	4.96902	5.57289	7.95507	8.98003	14.02018	16.45364	21.0094	20.0551	23.34521	21.20242	28.35724	28.24053	34.46659	33.65916	39.56001	45.59634	48.56961	58.87931	50.02205	52.74294	51.2401	50.89978	50.98282	50.79497	50.33622	50.30083	50.30083	50.33622	50.79497	50.98282	50.89978	51.2401	52.74294	50.02205	58.87931	48.56961	45.59634	39.56001	33.65916	34.46659	28.24053	28.35724	21.20242	23.34521	20.0551	21.0094	16.45364	14.02018	8.98003	7.95507	5.57289	4.96902	2.21327	3.3247	0.89411	1.31521	1.50694	0	0.10569	0.14827	-1.13846	-2.62419	-4.00023	-4.65625
21	-7.037	-3.98896	-3.31475	-1.93715	-0.42165	0	0	0	0	0.56202	-1.36355	2.95725	3.4776	5.07933	5.99427	8.40373	10.71031	13.55247	14.64168	15.00529	18.02731	21.69737	14.76143	21.88954	24.27377	26.96184	29.42284	41.09769	38.97199	47.69025	48.74894	48.03559	49.30512	44.28089	41.86538	39.68199	39.05397	39.9813	41.14074	41.14074	39.9813	39.05397	39.68199	41.86538	44.28089	49.30512	48.03559	48.74894	47.69025	38.97199	41.09769	29.42284	26.96184	24.27377	21.88954	14.76143	21.69737	18.02731	15.00529	14.64168	13.55247	10.71031	8.40373	5.99427	5.07933	3.4776	2.95725	-1.36355	0.56202	0	0	0	0	-0.42165	-1.93715	-3.31475	-3.98896
22	4.52826	-5.35197	-4.41362	-3.34573	-1.80172	-0.28955	0	0	0	0.53602	1.39973	2.01122	1.90666	4.83998	5.45576	6.33445	7.21966	11.81219	12.8205	13.08679	15.19894	19.01782	19.47468	19.88974	22.0484	28.15743	17.24656	26.30912	26.1645	28.2655	33.57232	41.24999	42.71593	46.68745	47.27994	45.53634	46.03278	48.76926	49.16964	49.16964	48.76926	46.03278	45.53634	47.27994	46.68745	42.71593	41.24999	33.57232	28.2655	26.1645	26.30912	17.24656	28.15743	22.0484	19.88974	19.47468	19.01782	15.19894	13.08679	12.8205	11.81219	7.21966	6.33445	5.45576	4.83998	1.90666	2.01122	1.39973	0.53602	0	0	0	-0.28955	-1.80172	-3.34573	-4.41362	-5.35197
23	-13.88356	-6.79218	-5.45121	-2.21824	0	0	0	0	0	0.66621	0.66398	1.31615	2.81493	4.82588	5.54122	6.29819	4.76056	8.86562	11.78649	11.56122	15.49951	18.37643	18.97718	22.37898	25.41019	29.30076	28.84227	32.5842	30.31037	26.58732	27.86205	29.01301	30.99128	26.94051	25.32829	23.83191	23.32557	23.80926	24.40877	24.40877	23.80926	23.32557	23.83191	25.32829	26.94051	30.99128	29.01301	27.86205	26.58732	30.31037	32.5842	28.84227	29.30076	25.41019	22.37898	18.97718	18.37643	15.49951	11.56122	11.78649	8.86562	4.76056	6.29819	5.54122	4.82588	2.81493	1.31615	0.66398	0.66621	0	0	0	0	0	-2.21824	-5.45121	-6.79218
24	-3.88127	-2.23674	-2.14349	-1.62371	-1.09708	-0.51846	0.06628	0	0.33475	1.30811	1.89384	1.49869	1.2397	1.08212	3.22226	4.39297	4.97459	7.60155	9.02999	11.55649	9.948	11.27936	9.69992	9.2023	14.6893	14.7078	23.12102	23.91244	29.33779	35.19894	34.67847	37.50103	29.13112	26.43483	24.75641	24.53306	24.19603	23.7453	24.74965	24.74965	23.7453	24.19603	24.53306	24.75641	26.43483	29.13112	37.50103	34.67847	35.19894	29.33779	23.91244	23.12102	14.7078	14.6893	9.2023	9.69992	11.27936	9.948	11.55649	9.02999	7.60155	4.97459	4.39297	3.22226	1.08212	1.2397	1.49869	1.89384	1.30811	0.33475	0	0.06628	-0.51846	-1.09708	-1.62371	-2.14349	-2.23674
25	-14.9209	-1.84311	-1.45474	0.02137	0	0	0	0	0.1791	0	1.23349	-0.63966	-0.58875	2.10443	2.85222	4.94503	5.22756	7.73426	8.8705	13.0312	12.5633	14.21316	16.25634	18.14031	18.083	18.19126	20.39096	22.9729	15.49777	20.58723	19.20855	21.26171	23.04687	22.23332	22.65396	23.48578	23.38409	22.34887	21.72485	21.72485	22.34887	23.38409	23.48578	22.65396	22.23332	23.04687	21.26171	19.20855	20.58723	15.49777	22.9729	20.39096	18.19126	18.083	18.14031	16.25634	14.21316	12.5633	13.0312	8.8705	7.73426	5.22756	4.94503	2.85222	2.10443	-0.58875	-0.63966	1.23349	0	0.1791	0	0	0	0	0.02137	-1.45474	-1.84311
26	-3.69437	-5.25168	-4.19332	-2.72608	-1.00061	0.30383	0.47996	0	1.27083	1.32348	0	0.89171	1.47001	2.17495	2.60261	4.15183	5.27766	7.34295	7.53339	10.73724	6.60945	12.2527	7.6803	7.43196	13.14678	11.87469	7.53766	15.46299	9.53066	19.40508	15.41461	19.78931	11.21389	14.46098	15.42838	17.19172	17.5976	16.64604	16.49041	16.49041	16.64604	17.5976	17.19172	15.42838	14.46098	11.21389	19.78931	15.41461	19.40508	9.53066	15.46299	7.53766	11.87469	13.14678	7.43196	7.6803	12.2527	6.60945	10.73724	7.53339	7.34295	5.27766	4.15183	2.60261	2.17495	1.47001	0.89171	0	1.32348	1.27083	0	0.47996	0.30383	-1.00061	-2.72608	-4.19332	-5.25168
27	-4.89898	-2.57915	-2.22008	-1.34222	-0.51645	0	0	0	0.22734	0	0	0.5121	1.33388	3.36136	2.78494	3.72042	4.01331	5.29405	5.10874	9.54023	8.95664	8.28108	9.90208	11.99842	12.08963	17.11676	14.48488	17.72247	14.43373	10.59818	10.10342	9.16539	8.68001	4.84337	4.03761	4.67994	4.20036	2.59887	2.44547	2.44547	2.59887	4.20036	4.67994	4.03761	4.84337	8.68001	9.16539	10.10342	10.59818	14.43373	17.72247	14.48488	17.11676	12.08963	11.99842	9.90208	8.28108	8.95664	9.54023	5.10874	5.29405	4.01331	3.72042	2.78494	3.36136	1.33388	0.5121	0	0	0.22734	0	0	0	-0.51645	-1.34222	-2.22008	-2.57915
28	-5.89439	-1.38478	-1.36406	-0.75936	-0.41263	0	0	0	0	0	0	-1.25684	0.0962	1.50429	2.06339	2.46419	2.77712	3.0784	4.66027	6.75122	6.01055	7.8263	6.35869	2.20814	3.84211	4.85836	4.75756	9.97326	9.77536	13.45596	15.42977	17.52766	15.57649	18.13055	19.25876	18.28797	18.60723	20.21654	19.72684	19.72684	20.21654	18.60723	18.28797	19.25876	18.13055	15.57649	17.52766	15.42977	13.45596	9.77536	9.97326	4.75756	4.85836	3.84211	2.20814	6.35869	7.8263	6.01055	6.75122	4.66027	3.0784	2.77712	2.46419	2.06339	1.50429	0.0962	-1.25684	0	0	0	0	0	0	-0.41263	-0.75936	-1.36406	-1.38478
29	-1.69316	2.71471	1.7919	1.02344	-0.08569	-0.93855	-0.69918	0	-1.45047	0	0	0	0	0	1.34753	1.62706	1.75496	2.62997	4.08804	5.90129	6.77112	4.1384	6.47418	2.99062	5.2675	3.23798	4.97867	9.68843	9.69629	13.26482	8.70417	14.72063	6.67285	6.60471	5.57968	4.94446	4.93595	5.55413	6.56212	6.56212	5.55413	4.93595	4.94446	5.57968	6.60471	6.67285	14.72063	8.70417	13.26482	9.69629	9.68843	4.97867	3.23798	5.2675	2.99062	6.47418	4.1384	6.77112	5.90129	4.08804	2.62997	1.75496	1.62706	1.34753	0	0	0	0	0	-1.45047	0	-0.69918	-0.93855	-0.08569	1.02344	1.7919	2.71471
30	-3.22524	-9.62243	-7.80192	-5.17119	-2.09989	0	0	0	0.67387	0.5269	0.6963	0.48677	0.65173	1.77834	2.54065	2.46602	1.34831	2.15526	3.13384	4.67725	3.66237	1.03843	0.721	2.33885	0.24826	2.98733	6.43235	6.86152	6.8995	6.28923	10.05811	13.31063	11.41123	11.05581	9.51049	10.94654	10.90211	9.37721	10.83368	10.83368	9.37721	10.90211	10.94654	9.51049	11.05581	11.41123	13.31063	10.05811	6.28923	6.8995	6.86152	6.43235	2.98733	0.24826	2.33885	0.721	1.03843	3.66237	4.67725	3.13384	2.15526	1.34831	2.46602	2.54065	1.77834	0.65173	0.48677	0.6963	0.5269	0.67387	0	0	0	-2.09989	-5.17119	-7.80192	-9.62243
31	-3.34263	-5.24401	-4.6234	-3.30105	-1.75467	-0.21929	0	0	0.15056	0	0	0.05853	1.04275	0.98375	0.61655	1.29182	2.51815	3.38628	3.07704	6.16536	3.23184	1.70569	3.04153	-0.19673	3.16601	1.29228	-2.05575	5.94797	-0.10478	3.04254	9.26855	12.9742	7.66965	7.13	6.67789	7.25314	7.18569	6.47552	6.79272	6.79272	6.47552	7.18569	7.25314	6.67789	7.13	7.66965	12.9742	9.26855	3.04254	-0.10478	5.94797	-2.05575	1.29228	3.16601	-0.19673	3.04153	1.70569	3.23184	6.16536	3.07704	3.38628	2.51815	1.29182	0.61655	0.98375	1.04275	0.05853	0	0	0.15056	0	0	-0.21929	-1.75467	-3.30105	-4.6234	-5.24401
32	-7.93091	-1.44101	-1.1813	-0.17255	0.34846	0	0	0	0	-0.01907	-0.97158	-3.51172	-2.07863	0.11424	1.35423	1.85401	1.78307	3.70667	3.22818	3.88582	4.44918	4.65237	-0.15023	-3.75055	-1.37742	-4.33912	-0.43958	-2.16468	0.76861	4.59365	7.28332	8.67884	7.69229	5.24427	3.75551	4.28125	3.97525	2.8375	3.71426	3.71426	2.8375	3.97525	4.28125	3.75551	5.24427	7.69229	8.67884	7.28332	4.59365	0.76861	-2.16468	-0.43958	-4.33912	-1.37742	-3.75055	-0.15023	4.65237	4.44918	3.88582	3.22818	3.70667	1.78307	1.85401	1.35423	0.11424	-2.07863	-3.51172	-0.97158	-0.01907	0	0	0	0	0.34846	-0.17255	-1.1813	-1.44101
33	2.53477	-4.21057	-3.36763	-2.74443	-1.55589	-0.30472	0	0	0	0	0	0.24331	0.09	0.20007	0.34117	0.48413	0.52405	1.32408	-1.67561	0.9776	1.72707	1.83646	2.03528	-2.86096	-2.43687	1.11186	2.84549	-0.82288	0.98505	-2.43978	5.58445	7.97381	6.38641	5.43833	4.5449	3.54758	3.42907	4.18938	4.84579	4.84579	4.18938	3.42907	3.54758	4.5449	5.43833	6.38641	7.97381	5.58445	-2.43978	0.98505	-0.82288	2.84549	1.11186	-2.43687	-2.86096	2.03528	1.83646	1.72707	0.9776	-1.67561	1.32408	0.52405	0.48413	0.34117	0.20007	0.09	0.24331	0	0	0	0	0	-0.30472	-1.55589	-2.74443	-3.36763	-4.21057
34	3.76542	-0.73555	-2.93331	-3.47162	-3.59771	-3.14103	-2.45415	-0.0811	-1.90267	-0.49913	0	0	0	0.79573	1.02208	-0.84772	-1.36886	-0.7797	-0.35113	3.12556	0.52191	0.00976	0.65505	2.24363	1.74211	2.00926	0.35769	-0.3031	-2.62295	-0.31379	1.61322	5.88881	4.75527	5.0658	4.68992	4.29391	4.33273	4.80637	5.25987	5.25987	4.80637	4.33273	4.29391	4.68992	5.0658	4.75527	5.88881	1.61322	-0.31379	-2.62295	-0.3031	0.35769	2.00926	1.74211	2.24363	0.65505	0.00976	0.52191	3.12556	-0.35113	-0.7797	-1.36886	-0.84772	1.02208	0.79573	0	0	0	-0.49913	-1.90267	-0.0811	-2.45415	-3.14103	-3.59771	-3.47162	-2.93331	-0.73555
35	1.20042	-1.24841	-5.06067	-4.53964	-3.7459	-2.36352	-0.8998	-1.01056	0.42295	0.3179	1.30926	0.61034	0.11689	0.86374	0.81167	0	0.23497	0.42648	0.7301	1.81817	1.96204	0.04376	5.03E-4	-1.08951	0.77319	1.32608	0.64677	0	1.22364	2.78299	0.60479	-2.34992	1.93435	-2.11061	-3.49518	-4.81295	-5.31857	-5.01204	-4.63871	-4.63871	-5.01204	-5.31857	-4.81295	-3.49518	-2.11061	1.93435	-2.34992	0.60479	2.78299	1.22364	0	0.64677	1.32608	0.77319	-1.08951	5.03E-4	0.04376	1.96204	1.81817	0.7301	0.42648	0.23497	0	0.81167	0.86374	0.11689	0.61034	1.30926	0.3179	0.42295	-1.01056	-0.8998	-2.36352	-3.7459	-4.53964	-5.06067	-1.24841
36	1.89419	-3.91137	-4.63449	-3.66281	-2.22987	-0.54942	0	0	0	-1.28655	-2.99732	-2.53595	-0.5795	-3.69457	-0.58697	-1.546	0	0.9261	1.80091	2.68753	2.31979	0.71797	1.79174	1.78479	2.1837	-2.20049	0	-1.1516	0	-2.17115	1.45539	3.35379	1.7826	2.00552	1.91292	1.76039	1.78826	1.99652	2.14484	2.14484	1.99652	1.78826	1.76039	1.91292	2.00552	1.7826	3.35379	1.45539	-2.17115	0	-1.1516	0	-2.20049	2.1837	1.78479	1.79174	0.71797	2.31979	2.68753	1.80091	0.9261	0	-1.546	-0.58697	-3.69457	-0.5795	-2.53595	-2.99732	-1.28655	0	0	0	-0.54942	-2.22987	-3.66281	-4.63449	-3.91137
37	-3.77337	0.35155	0.16696	0.3477	0.24463	0.06815	0	0	0	-0.02977	-1.11393	-2.04066	-2.53322	-1.93051	-0.09636	-1.20998	0.17991	2.0323	0.92746	2.07907	1.98784	0.66164	-0.68474	-2.64573	-3.51866	-2.67662	-3.54967	-5.27152	-0.29814	2.32951	1.84904	2.66708	0.72546	1.00314	0.89344	0.88223	0.91694	0.99757	1.17669	1.17669	0.99757	0.91694	0.88223	0.89344	1.00314	0.72546	2.66708	1.84904	2.32951	-0.29814	-5.27152	-3.54967	-2.67662	-3.51866	-2.64573	-0.68474	0.66164	1.98784	2.07907	0.92746	2.0323	0.17991	-1.20998	-0.09636	-1.93051	-2.53322	-2.04066	-1.11393	-0.02977	0	0	0	0.06815	0.24463	0.3477	0.16696	0.35155
38	2.90439	-2.77493	-3.42098	-2.74113	-1.76059	-0.63869	0.56847	0.40859	1.23937	0.61677	0.20858	0.74231	0.39453	0	0.07018	-0.28007	0	-2.21258	-1.70355	-0.96555	0.75733	0.10681	0.45471	0.49845	-3.03818	-2.43496	-2.80589	-4.87408	0.79009	-3.44551	0.59965	-1.40295	0	0	0	0	0	0	0	0	0	0	0	0	0	0	-1.40295	0.59965	-3.44551	0.79009	-4.87408	-2.80589	-2.43496	-3.03818	0.49845	0.45471	0.10681	0.75733	-0.96555	-1.70355	-2.21258	0	-0.28007	0.07018	0	0.39453	0.74231	0.20858	0.61677	1.23937	0.40859	0.56847	-0.63869	-1.76059	-2.74113	-3.42098	-2.77493
39	-2.41275	-5.4149	-4.07332	-2.7221	-1.07428	0.2633	0.12439	0.06904	-0.71165	0	-0.62719	0	0	0	-2.20596	-1.48249	-0.11318	0.19891	1.03643	1.34104	2.42991	1.52804	1.29663	1.998	1.32228	1.2198	-0.65888	0	0	-0.4642	-6.40896	-4.59505	-2.20446	-6.99313	-7.58153	-6.62285	-7.22143	-9.37728	-9.98604	-9.98604	-9.37728	-7.22143	-6.62285	-7.58153	-6.99313	-2.20446	-4.59505	-6.40896	-0.4642	0	0	-0.65888	1.2198	1.32228	1.998	1.29663	1.52804	2.42991	1.34104	1.03643	0.19891	-0.11318	-1.48249	-2.20596	0	0	0	-0.62719	0	-0.71165	0.06904	0.12439	0.2633	-1.07428	-2.7221	-4.07332	-5.4149
40	0.78799	-1.5955	-3.54693	-3.47249	-3.12294	-2.45415	-1.63599	-1.2457	0.41598	0.37366	0	0	0.52004	0.73664	0.24572	0.36932	0.11042	0.9877	0.62272	1.46692	0.55071	0.67207	0.2149	0.59344	2.77313	1.85228	0.47443	0.85407	0.50236	0.98296	-0.06113	-3.63647	-4.81238	-5.46446	-5.4943	-4.76186	-4.84337	-5.73883	-5.87201	-5.87201	-5.73883	-4.84337	-4.76186	-5.4943	-5.46446	-4.81238	-3.63647	-0.06113	0.98296	0.50236	0.85407	0.47443	1.85228	2.77313	0.59344	0.2149	0.67207	0.55071	1.46692	0.62272	0.9877	0.11042	0.36932	0.24572	0.73664	0.52004	0	0	0.37366	0.41598	-1.2457	-1.63599	-2.45415	-3.12294	-3.47249	-3.54693	-1.5955
41	0.31025	-3.49769	-3.00258	-2.2739	-1.41306	-0.35871	0.43584	-0.04206	-1.3149	-2.11729	-1.77312	0.12075	0.02857	-2.80172	0	0	0.22813	0.11989	1.08933	0.53758	1.31942	-2.93836	-2.26897	-0.34014	0.80846	1.77337	0.77736	0.94013	0.59498	0	0	0	0	0	-2.14922	-2.95475	-2.95475	-2.14922	0	0	-2.14922	-2.95475	-2.95475	-2.14922	0	0	0	0	0	0.59498	0.94013	0.77736	1.77337	0.80846	-0.34014	-2.26897	-2.93836	1.31942	0.53758	1.08933	0.11989	0.22813	0	0	-2.80172	0.02857	0.12075	-1.77312	-2.11729	-1.3149	-0.04206	0.43584	-0.35871	-1.41306	-2.2739	-3.00258	-3.49769
42	-4.53863	-0.47724	-0.00684	0.52708	0.51881	0.19167	0	0	-0.34466	-2.38421	-2.52611	-2.082	-1.03792	-0.54882	-1.69447	-1.03652	0.16095	0.36586	1.05392	1.94587	1.83021	0.67848	1.30692	-1.02152	-1.48072	-1.72981	-4.05787	-0.98636	-0.48078	-3.98263	0	0.74309	-2.12172	-2.77109	-2.81899	-2.1575	-2.23867	-3.0625	-3.17694	-3.17694	-3.0625	-2.23867	-2.1575	-2.81899	-2.77109	-2.12172	0.74309	0	-3.98263	-0.48078	-0.98636	-4.05787	-1.72981	-1.48072	-1.02152	1.30692	0.67848	1.83021	1.94587	1.05392	0.36586	0.16095	-1.03652	-1.69447	-0.54882	-1.03792	-2.082	-2.52611	-2.38421	-0.34466	0	0	0.19167	0.51881	0.52708	-0.00684	-0.47724
43	0.07127	-1.11807	-1.93166	-1.58889	-1.15773	-0.66924	-0.26874	-1.29434	-0.85846	-0.01764	-0.60689	-0.15241	0.11156	0.18011	-0.98073	-1.36483	0	-0.09944	-3.19985	0.36236	1.58032	-0.8517	-2.28725	0.49136	-0.71212	-2.42557	-3.517	-1.56168	0	0	0	0	0	0	0	0	0	0	0	0	0	0	0	0	0	0	0	0	0	0	-1.56168	-3.517	-2.42557	-0.71212	0.49136	-2.28725	-0.8517	1.58032	0.36236	-3.19985	-0.09944	0	-1.36483	-0.98073	0.18011	0.11156	-0.15241	-0.60689	-0.01764	-0.85846	-1.29434	-0.26874	-0.66924	-1.15773	-1.58889	-1.93166	-1.11807
44	0	-0.39795	-1.2868	-1.89861	-2.43586	-2.80085	-2.95377	-1.97147	-2.397	-2.22444	-0.2936	0.173	0.83253	0.73151	0.2382	0.31873	0.99745	0.74255	0.48531	0.74152	0	0	-0.84558	-0.37256	-0.08401	0.03167	0	0	0.80515	0.0212	1.50424	0.02378	-5.65187	-5.85181	-6.00272	-5.0575	-5.08249	-6.07769	-5.97678	-5.97678	-6.07769	-5.08249	-5.0575	-6.00272	-5.85181	-5.65187	0.02378	1.50424	0.0212	0.80515	0	0	0.03167	-0.08401	-0.37256	-0.84558	0	0	0.74152	0.48531	0.74255	0.99745	0.31873	0.2382	0.73151	0.83253	0.173	-0.2936	-2.22444	-2.397	-1.97147	-2.95377	-2.80085	-2.43586	-1.89861	-1.2868	-0.39795
45	0.89259	-2.21519	-3.15932	-2.45687	-1.49318	-0.42614	0.10531	-0.16863	0	0.05699	0.18302	0.04173	-1.60614	-1.19154	0.1962	-0.40595	-0.25488	-1.01565	0.1569	-0.9112	0	0	-0.86478	-2.84785	-0.88823	-1.71913	0	-0.81102	-0.76398	-0.55945	0	0.15084	0	0.24752	0.66434	1.01499	1.04593	0.75716	0.40222	0.40222	0.75716	1.04593	1.01499	0.66434	0.24752	0	0.15084	0	-0.55945	-0.76398	-0.81102	0	-1.71913	-0.88823	-2.84785	-0.86478	0	0	-0.9112	0.1569	-1.01565	-0.25488	-0.40595	0.1962	-1.19154	-1.60614	0.04173	0.18302	0.05699	0	-0.16863	0.10531	-0.42614	-1.49318	-2.45687	-3.15932	-2.21519
