lateral	-37.5	-36.5	-35.5	-34.5	-33.5	-32.5	-31.5	-30.5	-29.5	-28.5	-27.5	-26.5	-25.5	-24.5	-23.5	-22.5	-21.5	-20.5	-19.5	-18.5	-17.5	-16.5	-15.5	-14.5	-13.5	-12.5	-11.5	-10.5	-9.5	-8.5	-7.5	-6.5	-5.5	-4.5	-3.5	-2.5	-1.5	-0.5	0.5	1.5	2.5	3.5	4.5	5.5	6.5	7.5	8.5	9.5	10.5	11.5	12.5	13.5	14.5	15.5	16.5	17.5	18.5	19.5	20.5	21.5	22.5	23.5	24.5	25.5	26.5	27.5	28.5	29.5	30.5	31.5	32.5	33.5	34.5	35.5	36.5	37.5	38.5
DFB	mm	mm	mm	mm	mm	mm	mm	mm	mm	mm	mm	mm	mm	mm	mm	mm	mm	mm	mm	mm	mm	mm	mm	mm	mm	mm	mm	mm	mm	mm	mm	mm	mm	mm	mm	mm	mm	mm	mm	mm	mm	mm	mm	mm	mm	mm	mm	mm	mm	mm	mm	mm	mm	mm	mm	mm	mm	mm	mm	mm	mm	mm	mm	mm	mm	mm	mm	mm	mm	mm	mm	mm	mm	mm	mm	mm	mm
-5	1.74656	0	-0.01112	-1.38618	-2.22464	-2.95825	-3.3828	-2.29059	-2.10928	-1.34718	0.08851	0.1545	0.21447	0	0	0	0	0	-1.33302	-1.40668	-5.24611	-4.65354	-3.67882	-2.26524	-1.0738	0	0	0	0	0	0	0	0	0	0	0	0	0	0	0	0	0	0	0	0	0	0	0	0	0	0	0	0	-1.0738	-2.26524	-3.67882	-4.65354	-5.24611	-1.40668	-1.33302	0	0	0	0	0	0.21447	0.1545	0.08851	-1.34718	-2.10928	-2.29059	-3.3828	-2.95825	-2.22464	-1.38618	-0.01112	0
-4	-0.31842	-0.29535	-0.17519	-0.02556	0.12241	0.24441	0.2024	0	-0.06792	0.11095	0	0	0	0	0	0	-0.84608	-0.3538	-1.63	-3.09852	-2.96401	-2.2417	-2.44161	-1.91058	-0.82534	0	0	0	-0.42346	0	-0.27887	-0.35136	0	0	0	0	0	0	0	0	0	0	0	0	0	0	-0.35136	-0.27887	0	-0.42346	0	0	0	-0.82534	-1.91058	-2.44161	-2.2417	-2.96401	-3.09852	-1.63	-0.3538	-0.84608	0	0	0	0	0	0	0.11095	-0.06792	0	0.2024	0.24441	0.12241	-0.02556	-0.17519	-0.29535
-3	0	-0.11804	0.00211	-0.04275	-0.09253	-0.16987	-0.26726	-0.74855	-0.64616	0	-0.10376	0	0	0	-0.96221	0	0	-1.28542	-1.82082	-1.59873	-0.76086	0	-3.39904	-0.92127	-4.04539	-1.91228	-1.54052	-0.85224	-4.39742	0	-1.07878	-0.57841	-7.09818	-8.53619	-9.66712	-9.76056	-9.94031	-10.20637	-9.43495	-9.43495	-10.20637	-9.94031	-9.76056	-9.66712	-8.53619	-7.09818	-0.57841	-1.07878	0	-4.39742	-0.85224	-1.54052	-1.91228	-4.04539	-0.92127	-3.39904	0	-0.76086	-1.59873	-1.82082	-1.28542	0	0	-0.96221	0	0	0	-0.10376	0	-0.64616	-0.74855	-0.26726	-0.16987	-0.09253	-0.04275	0.00211	-0.11804
-2	0	0	0.00795	-0.89153	-1.95418	-2.59023	-2.90313	-1.50135	-0.91061	0.43912	0.37507	0.34564	0.14827	0	0	0	-0.01085	-0.71221	-3.17774	-1.31614	-3.88225	-2.81749	-2.83979	-2.36676	0	0	0	0	0	0	-1.98456	0	-4.31851	-3.17558	-2.72171	-1.73066	-1.58779	-2.29312	-2.46126	-2.46126	-2.29312	-1.58779	-1.73066	-2.72171	-3.17558	-4.31851	0	-1.98456	0	0	0	0	0	0	-2.36676	-2.83979	-2.81749	-3.88225	-1.31614	-3.17774	-0.71221	-0.01085	0	0	0	0.14827	0.34564	0.37507	0.43912	-0.91061	-1.50135	-2.90313	-2.59023	-1.95418	-0.89153	0.00795	0
-1	0.77784	-0.45876	-1.42704	-1.49236	-1.47715	-0.95666	-0.46802	-0.35416	0.31656	0.23743	0.09757	0	0	0	0	0	-0.32884	-3.91171	-3.97837	-3.32896	-3.37258	-0.74411	-3.12343	-0.93286	0	0	0	-4.22749	-2.10286	-7.49407	-1.55806	-3.46718	-1.93788	-0.83052	-0.6921	-0.55368	-0.41526	-0.27684	-0.13842	-0.13842	-0.27684	-0.41526	-0.55368	-0.6921	-0.83052	-1.93788	-3.46718	-1.55806	-7.49407	-2.10286	-4.22749	0	0	0	-0.93286	-3.12343	-0.74411	-3.37258	-3.32896	-3.97837	-3.91171	-0.32884	0	0	0	0	0	0.09757	0.23743	0.31656	-0.35416	-0.46802	-0.95666	-1.47715	-1.49236	-1.42704	-0.45876
0	0.45722	-0.06349	-1.66464	-1.80282	-1.88533	-1.667	-0.93222	-0.56146	-0.01011	0.25949	0.28045	0.1555	0.00297	0	0	0	0	0	0	0	0	0	0	-0.4938	0	0	0	0	-2.22455	-3.56211	-5.08632	-1.98276	-2.91034	-1.22756	-0.36819	-0.20096	0.00939	0.26286	-0.17582	-0.17582	0.26286	0.00939	-0.20096	-0.36819	-1.22756	-2.91034	-1.98276	-5.08632	-3.56211	-2.22455	0	0	0	0	-0.4938	0	0	0	0	0	0	0	0	0	0	0.00297	0.1555	0.28045	0.25949	-0.01011	-0.56146	-0.93222	-1.667	-1.88533	-1.80282	-1.66464	-0.06349
1	1.69029	-0.18536	-1.26006	-1.49188	-1.55833	-1.4129	-1.16346	-0.4751	-0.61623	0	0	0	0	0	0	0	0	0	0	0	0	-2.01086	-2.38032	-2.70599	-6.16203	-4.56006	-4.5616	-4.7142	-4.13473	-0.66246	-1.4595	0	0	0	0	0	0	0	0	0	0	0	0	0	0	0	0	-1.4595	-0.66246	-4.13473	-4.7142	-4.5616	-4.56006	-6.16203	-2.70599	-2.38032	-2.01086	0	0	0	0	0	0	0	0	0	0	0	0	-0.61623	-0.4751	-1.16346	-1.4129	-1.55833	-1.49188	-1.26006	-0.18536
2	1.44072	-3.89814	-3.51979	-2.86553	-1.8184	-0.62198	0.65874	0.55397	0.39065	0.22736	0.20026	0	0	-1.02981	0	0	-0.19043	-0.92048	-0.54023	-1.86525	-0.01781	-2.94987	-1.82921	-0.26753	2.25606	1.78167	1.60717	1.03873	-1.0781	-2.70059	-4.26359	-2.93554	-0.01618	0.65188	0.98793	0.56367	0.64718	1.23845	1.06942	1.06942	1.23845	0.64718	0.56367	0.98793	0.65188	-0.01618	-2.93554	-4.26359	-2.70059	-1.0781	1.03873	1.60717	1.78167	2.25606	-0.26753	-1.82921	-2.94987	-0.01781	-1.86525	-0.54023	-0.92048	-0.19043	0	0	-1.02981	0	0	0.20026	0.22736	0.39065	0.55397	0.65874	-0.62198	-1.8184	-2.86553	-3.51979	-3.89814
3	-1.43256	-0.28824	-0.29934	-0.11701	-0.03057	0.54015	0.87053	0.58218	0.63938	-0.0153	-0.68333	-0.8597	-0.66052	-0.87866	0	-1.1192	-1.31554	-0.94222	0	0	-0.90655	-0.7643	1.14528	-3.92189	2.75356	-0.82898	0.27066	-2.68299	2.82322	4.02386	9.50232	5.79691	12.62833	11.54518	11.58924	11.03266	10.89727	11.18306	10.86821	10.86821	11.18306	10.89727	11.03266	11.58924	11.54518	12.62833	5.79691	9.50232	4.02386	2.82322	-2.68299	0.27066	-0.82898	2.75356	-3.92189	1.14528	-0.7643	-0.90655	0	0	-0.94222	-1.31554	-1.1192	0	-0.87866	-0.66052	-0.8597	-0.68333	-0.0153	0.63938	0.58218	0.87053	0.54015	-0.03057	-0.11701	-0.29934	-0.28824
4	-0.13924	0.10016	-0.35947	-1.1854	-1.86398	-2.38964	-2.64434	-1.79142	0	-1.09286	-0.66514	0.21867	0.64679	-0.10609	0.85495	0.40509	-0.03959	-1.02141	0	0	1.89693	-0.00122	1.88011	6.31177	5.37817	7.63094	10.5339	11.0263	11.54702	2.45664	13.4437	8.23598	7.01889	9.05817	9.50222	9.63747	9.89238	10.26695	10.33273	10.33273	10.26695	9.89238	9.63747	9.50222	9.05817	7.01889	8.23598	13.4437	2.45664	11.54702	11.0263	10.5339	7.63094	5.37817	6.31177	1.88011	-0.00122	1.89693	0	0	-1.02141	-0.03959	0.40509	0.85495	-0.10609	0.64679	0.21867	-0.66514	-1.09286	0	-1.79142	-2.64434	-2.38964	-1.86398	-1.1854	-0.35947	0.10016
5	-0.63463	0	0	0.17059	0.35308	0.08669	-0.37014	-0.4599	0.12138	-1.18152	-0.69553	-1.49676	-1.17375	-1.01823	0.78959	0.64739	2.95834	2.40612	4.2066	5.84446	9.4272	8.61404	8.49685	6.58869	14.34654	7.52033	11.10173	2.90234	6.85492	3.26182	10.16589	15.53191	19.89984	19.36009	20.48496	21.72514	21.65766	20.28255	19.02274	19.02274	20.28255	21.65766	21.72514	20.48496	19.36009	19.89984	15.53191	10.16589	3.26182	6.85492	2.90234	11.10173	7.52033	14.34654	6.58869	8.49685	8.61404	9.4272	5.84446	4.2066	2.40612	2.95834	0.64739	0.78959	-1.01823	-1.17375	-1.49676	-0.69553	-1.18152	0.12138	-0.4599	-0.37014	0.08669	0.35308	0.17059	0	0
6	0.50709	-3.10492	-3.17508	-3.03916	-2.35482	-1.28407	-0.34726	-0.08502	0.20575	0.41747	0.48109	0.33827	0	0	1.04167	0.39225	2.41914	4.84449	7.28842	9.72908	12.62403	14.9683	16.31301	16.1596	14.90111	18.29199	18.31766	13.08705	22.56892	17.82843	24.11785	27.45345	37.15925	35.41954	34.80704	32.96591	32.74845	34.15465	34.33221	34.33221	34.15465	32.74845	32.96591	34.80704	35.41954	37.15925	27.45345	24.11785	17.82843	22.56892	13.08705	18.31766	18.29199	14.90111	16.1596	16.31301	14.9683	12.62403	9.72908	7.28842	4.84449	2.41914	0.39225	1.04167	0	0	0.33827	0.48109	0.41747	0.20575	-0.08502	-0.34726	-1.28407	-2.35482	-3.03916	-3.17508	-3.10492
7	0.09665	-1.48392	-3.04796	-2.93934	-2.61328	-2.01666	-1.28502	-0.77378	0	0.04378	0.42492	0.55186	0.46394	0.93835	2.37136	-1.06476	2.36737	3.42707	7.85345	13.15528	17.86809	19.93965	19.49482	23.45263	26.81907	27.45742	23.61374	17.9332	26.83883	24.68209	34.8425	39.20477	36.20838	36.37764	34.72741	31.47055	31.4917	34.79088	36.48342	36.48342	34.79088	31.4917	31.47055	34.72741	36.37764	36.20838	39.20477	34.8425	24.68209	26.83883	17.9332	23.61374	27.45742	26.81907	23.45263	19.49482	19.93965	17.86809	13.15528	7.85345	3.42707	2.36737	-1.06476	2.37136	0.93835	0.46394	0.55186	0.42492	0.04378	0	-0.77378	-1.28502	-2.01666	-2.61328	-2.93934	-3.04796	-1.48392
8	1.56451	0.01725	-0.42658	-0.35086	-0.24061	-0.1676	-0.22323	-2.09155	-2.31261	-1.95116	-1.38596	-0.00883	1.65826	1.81026	2.78524	3.86213	7.21624	9.63878	12.40534	12.04915	15.92254	16.2849	20.7918	24.66034	29.44007	30.69756	36.72242	36.35683	32.64936	34.97641	35.41958	29.42283	36.19892	33.61568	33.29518	32.95223	32.62932	32.32646	32.00116	32.00116	32.32646	32.62932	32.95223	33.29518	33.61568	36.19892	29.42283	35.41958	34.97641	32.64936	36.35683	36.72242	30.69756	29.44007	24.66034	20.7918	16.2849	15.92254	12.04915	12.40534	9.63878	7.21624	3.86213	2.78524	1.81026	1.65826	-0.00883	-1.38596	-1.95116	-2.31261	-2.09155	-0.22323	-0.1676	-0.24061	-0.35086	-0.42658	0.01725
9	0.73172	-1.83058	-4.80764	-4.38452	-3.69921	-2.59378	-0.82147	-0.50045	0.74046	0	0.23433	1.18141	0.98484	1.99943	2.23645	5.18373	8.06795	10.78431	12.5972	17.71627	18.30222	15.33084	22.27971	19.94542	27.40887	33.29433	31.44269	33.34553	35.94384	34.17454	33.19482	41.05671	38.64922	39.77184	41.30627	41.6802	41.82053	41.72725	40.47349	40.47349	41.72725	41.82053	41.6802	41.30627	39.77184	38.64922	41.05671	33.19482	34.17454	35.94384	33.34553	31.44269	33.29433	27.40887	19.94542	22.27971	15.33084	18.30222	17.71627	12.5972	10.78431	8.06795	5.18373	2.23645	1.99943	0.98484	1.18141	0.23433	0	0.74046	-0.50045	-0.82147	-2.59378	-3.69921	-4.38452	-4.80764	-1.83058
10	2.68571	-1.63198	-1.19314	-0.67955	-0.09777	0.0494	2.1483	1.48209	1.61094	0.42967	1.04366	1.65614	1.5493	1.60707	2.26192	3.51474	6.4155	9.63441	12.56966	15.37297	18.68252	19.64017	22.58507	28.0351	32.90775	30.3894	32.73437	33.76463	36.42152	41.37806	43.41697	36.17447	38.10882	35.43882	34.90069	35.31275	34.979	33.89943	33.77007	33.77007	33.89943	34.979	35.31275	34.90069	35.43882	38.10882	36.17447	43.41697	41.37806	36.42152	33.76463	32.73437	30.3894	32.90775	28.0351	22.58507	19.64017	18.68252	15.37297	12.56966	9.63441	6.4155	3.51474	2.26192	1.60707	1.5493	1.65614	1.04366	0.42967	1.61094	1.48209	2.1483	0.0494	-0.09777	-0.67955	-1.19314	-1.63198
11	1.89661	-0.79054	-3.46252	-3.67497	-3.71974	-3.22277	-1.48662	-0.35295	1.01352	1.97844	2.42519	1.87368	2.18255	2.57263	3.36656	3.91066	5.20378	7.48724	8.34285	13.10489	16.82685	22.49176	23.87865	27.23188	30.59473	34.01147	33.92411	30.37002	37.24296	31.26801	30.89202	35.92192	38.55585	37.05526	37.08888	37.2379	37.05033	36.52616	36.1174	36.1174	36.52616	37.05033	37.2379	37.08888	37.05526	38.55585	35.92192	30.89202	31.26801	37.24296	30.37002	33.92411	34.01147	30.59473	27.23188	23.87865	22.49176	16.82685	13.10489	8.34285	7.48724	5.20378	3.91066	3.36656	2.57263	2.18255	1.87368	2.42519	1.97844	1.01352	-0.35295	-1.48662	-3.22277	-3.71974	-3.67497	-3.46252	-0.79054
12	0.32327	0	-1.09999	-1.64273	-1.98126	-2.18106	-2.22451	-2.43343	-2.06922	-1.17463	0.25422	0.00836	1.90532	2.99057	4.20387	5.68986	8.1225	10.7943	11.87698	12.95202	12.85694	16.39936	20.53138	24.78573	30.24408	31.19691	31.91889	35.49832	35.6727	38.72433	35.74526	39.17113	39.79829	40.71484	40.76722	40.14492	40.25949	41.11092	41.28769	41.28769	41.11092	40.25949	40.14492	40.76722	40.71484	39.79829	39.17113	35.74526	38.72433	35.6727	35.49832	31.91889	31.19691	30.24408	24.78573	20.53138	16.39936	12.85694	12.95202	11.87698	10.7943	8.1225	5.68986	4.20387	2.99057	1.90532	0.00836	0.25422	-1.17463	-2.06922	-2.43343	-2.22451	-2.18106	-1.98126	-1.64273	-1.09999	0
13	-0.02339	-2.698	-2.43564	-2.11412	-1.50883	-0.66842	0.12204	0.14594	0.07661	0.40393	0.22055	0.10476	0.71093	2.20338	2.41426	5.22118	6.74521	8.20846	10.37462	13.84679	13.77133	18.28134	19.19672	23.97054	23.72323	24.46061	27.54987	27.19375	30.79808	29.15212	27.00111	32.5696	34.49232	36.85522	36.86883	36.26264	36.558	37.75492	38.33203	38.33203	37.75492	36.558	36.26264	36.86883	36.85522	34.49232	32.5696	27.00111	29.15212	30.79808	27.19375	27.54987	24.46061	23.72323	23.97054	19.19672	18.28134	13.77133	13.84679	10.37462	8.20846	6.74521	5.22118	2.41426	2.20338	0.71093	0.10476	0.22055	0.40393	0.07661	0.14594	0.12204	-0.66842	-1.50883	-2.11412	-2.43564	-2.698
14	-5.64747	0.25219	0.62873	0.55295	0.46123	0.34218	0.24299	0.59134	0	0.19969	0.0718	1.59324	1.68774	0.42967	2.04521	4.73002	5.51302	6.41623	7.85046	12.10117	11.38298	17.19932	14.09633	21.21023	22.01842	25.30047	23.29186	22.76939	20.75422	22.3978	24.1264	29.28551	26.76265	30.1485	30.7395	31.17087	31.5941	32.0092	32.26466	32.26466	32.0092	31.5941	31.17087	30.7395	30.1485	26.76265	29.28551	24.1264	22.3978	20.75422	22.76939	23.29186	25.30047	22.01842	21.21023	14.09633	17.19932	11.38298	12.10117	7.85046	6.41623	5.51302	4.73002	2.04521	0.42967	1.68774	1.59324	0.0718	0.19969	0	0.59134	0.24299	0.34218	0.46123	0.55295	0.62873	0.25219
15	0.38021	-0.22365	-1.36601	-1.43235	-1.41005	-1.21218	-0.90476	-0.48761	-0.2885	0	0.51434	0.83219	1.3898	2.08201	2.37862	3.85608	5.43398	7.62134	9.02414	10.82628	10.61142	14.6413	17.54289	19.09746	19.80408	23.58748	19.96208	18.19202	17.98967	20.42965	15.26026	19.72826	19.04273	23.0219	23.93634	24.93793	25.43533	25.42853	25.50889	25.50889	25.42853	25.43533	24.93793	23.93634	23.0219	19.04273	19.72826	15.26026	20.42965	17.98967	18.19202	19.96208	23.58748	19.80408	19.09746	17.54289	14.6413	10.61142	10.82628	9.02414	7.62134	5.43398	3.85608	2.37862	2.08201	1.3898	0.83219	0.51434	0	-0.2885	-0.48761	-0.90476	-1.21218	-1.41005	-1.43235	-1.36601	-0.22365
16	-0.56556	-2.86865	-2.05049	-1.87009	-1.37032	-0.78377	-0.09996	0.1814	0.95787	1.60053	1.24178	2.0407	2.44948	3.3706	2.87244	3.2633	4.04845	6.37124	6.97258	8.11488	11.37582	12.44793	11.51823	14.80514	15.4926	20.09077	15.54135	17.86511	16.62842	19.60882	21.17852	24.32208	24.50181	26.49769	27.25072	27.49438	27.74386	27.99917	27.74512	27.74512	27.99917	27.74386	27.49438	27.25072	26.49769	24.50181	24.32208	21.17852	19.60882	16.62842	17.86511	15.54135	20.09077	15.4926	14.80514	11.51823	12.44793	11.37582	8.11488	6.97258	6.37124	4.04845	3.2633	2.87244	3.3706	2.44948	2.0407	1.24178	1.60053	0.95787	0.1814	-0.09996	-0.78377	-1.37032	-1.87009	-2.05049	-2.86865
17	-0.17168	-1.77716	-1.17895	-1.18309	-0.98425	-0.74181	-0.42925	-0.16675	0.94174	0.62576	0.15771	0.61596	0.96649	1.05858	1.98916	2.1643	4.13377	4.95616	5.53014	7.06284	6.45053	8.91038	9.16839	13.70409	13.01419	17.7006	18.42897	20.52152	20.87978	21.09076	21.56264	19.5568	15.47354	15.18189	14.64002	14.60088	14.56443	14.53065	14.99961	14.99961	14.53065	14.56443	14.60088	14.64002	15.18189	15.47354	19.5568	21.56264	21.09076	20.87978	20.52152	18.42897	17.7006	13.01419	13.70409	9.16839	8.91038	6.45053	7.06284	5.53014	4.95616	4.13377	2.1643	1.98916	1.05858	0.96649	0.61596	0.15771	0.62576	0.94174	-0.16675	-0.42925	-0.74181	-0.98425	-1.18309	-1.17895	-1.77716
18	0.25045	0.96293	-0.30834	-0.8785	-1.38567	-1.72236	-1.8659	-1.48676	-0.85412	0	0	0	0.48681	1.75849	2.44503	3.67451	0.89297	2.40046	3.53127	5.525	7.432	11.09126	10.92529	13.21203	13.77781	15.43326	12.87502	15.21585	13.96384	17.27498	13.77612	16.47895	15.59984	17.57008	18.9266	20.53337	20.77965	19.66544	18.80148	18.80148	19.66544	20.77965	20.53337	18.9266	17.57008	15.59984	16.47895	13.77612	17.27498	13.96384	15.21585	12.87502	15.43326	13.77781	13.21203	10.92529	11.09126	7.432	5.525	3.53127	2.40046	0.89297	3.67451	2.44503	1.75849	0.48681	0	0	0	-0.85412	-1.48676	-1.8659	-1.72236	-1.38567	-0.8785	-0.30834	0.96293
19	0	-1.97634	-2.91674	-2.64965	-2.12944	-1.40108	-0.59115	0.53621	0.02835	0	0.08869	0.3148	0.70834	2.15627	2.39239	2.76152	0.68177	2.32834	3.91858	5.79049	7.67763	7.79576	8.49555	11.80725	12.07224	16.24052	14.70169	13.43011	13.80649	17.12641	16.45322	18.93165	19.1904	19.69397	19.56895	18.87428	18.93723	19.75779	20.0087	20.0087	19.75779	18.93723	18.87428	19.56895	19.69397	19.1904	18.93165	16.45322	17.12641	13.80649	13.43011	14.70169	16.24052	12.07224	11.80725	8.49555	7.79576	7.67763	5.79049	3.91858	2.32834	0.68177	2.76152	2.39239	2.15627	0.70834	0.3148	0.08869	0	0.02835	0.53621	-0.59115	-1.40108	-2.12944	-2.64965	-2.91674	-1.97634
20	0	-3.75326	-3.73269	-3.69606	-3.18618	-2.43856	-1.49139	0.04256	0.4881	0.4122	1.08281	1.56385	2.41267	2.85297	2.20013	3.47411	3.82841	4.96876	4.56125	6.3597	5.74836	6.49375	3.05554	3.06617	3.70278	2.21118	3.05229	10.19521	15.25237	15.69985	15.67075	18.32961	13.60558	14.69681	14.41715	14.12691	14.26332	14.82637	15.37884	15.37884	14.82637	14.26332	14.12691	14.41715	14.69681	13.60558	18.32961	15.67075	15.69985	15.25237	10.19521	3.05229	2.21118	3.70278	3.06617	3.05554	6.49375	5.74836	6.3597	4.56125	4.96876	3.82841	3.47411	2.20013	2.85297	2.41267	1.56385	1.08281	0.4122	0.4881	0.04256	-1.49139	-2.43856	-3.18618	-3.69606	-3.73269	-3.75326
21	-0.5029	-2.04787	-2.09141	-1.8537	-1.55001	-1.16865	-0.45779	1.37091	0.60826	0.67632	1.41167	2.46792	2.31392	2.28948	2.00018	1.88714	1.58692	0.43243	3.1072	2.0856	4.19866	6.30834	6.6447	10.41628	9.42313	11.23045	10.25103	9.81764	6.91941	5.37952	8.05442	8.97192	10.61487	12.36383	13.30046	14.59467	14.81329	13.95631	13.45693	13.45693	13.95631	14.81329	14.59467	13.30046	12.36383	10.61487	8.97192	8.05442	5.37952	6.91941	9.81764	10.25103	11.23045	9.42313	10.41628	6.6447	6.30834	4.19866	2.0856	3.1072	0.43243	1.58692	1.88714	2.00018	2.28948	2.31392	2.46792	1.41167	0.67632	0.60826	1.37091	-0.45779	-1.16865	-1.55001	-1.8537	-2.09141	-2.04787
22	-0.67391	0	0.30984	0.01317	-0.26781	-0.5195	-0.64947	0.41653	0.62718	0.1949	-0.18474	0	0	0.09873	1.00607	1.11001	2.66271	3.50092	1.54441	5.37358	4.00825	1.04312	2.40703	3.51103	5.62787	9.02344	5.71278	7.3778	10.78636	10.00417	10.58699	11.2714	10.34228	11.8392	12.11318	12.00235	12.18947	12.67452	12.77477	12.77477	12.67452	12.18947	12.00235	12.11318	11.8392	10.34228	11.2714	10.58699	10.00417	10.78636	7.3778	5.71278	9.02344	5.62787	3.51103	2.40703	1.04312	4.00825	5.37358	1.54441	3.50092	2.66271	1.11001	1.00607	0.09873	0	0	-0.18474	0.1949	0.62718	0.41653	-0.64947	-0.5195	-0.26781	0.01317	0.30984	0
23	1.25713	0	-0.26474	-0.82111	-1.10129	-1.03413	-0.15261	0.4804	0.63954	1.74635	1.54702	-0.1382	-0.82441	-0.85485	-2.51818	-1.47492	-0.5755	2.75978	2.12921	4.00613	5.0367	7.28783	3.45275	2.85143	4.07057	7.82655	7.96127	4.54095	5.2982	7.8743	6.66899	8.68805	8.8296	9.91899	9.34595	7.80998	7.94615	9.75447	10.59986	10.59986	9.75447	7.94615	7.80998	9.34595	9.91899	8.8296	8.68805	6.66899	7.8743	5.2982	4.54095	7.96127	7.82655	4.07057	2.85143	3.45275	7.28783	5.0367	4.00613	2.12921	2.75978	-0.5755	-1.47492	-2.51818	-0.85485	-0.82441	-0.1382	1.54702	1.74635	0.63954	0.4804	-0.15261	-1.03413	-1.10129	-0.82111	-0.26474	0
24	1.39681	-0.01755	-0.30841	0.27016	0.62186	0.98354	1.23609	1.24017	0.73154	0.15381	-0.27771	-0.00244	0.05848	0.25683	1.49038	1.49353	-0.34014	0.18091	1.35643	2.95308	0.56559	1.87376	3.17334	5.47983	7.85042	6.08036	7.94236	4.68398	2.79619	6.97081	9.35651	11.51591	8.32597	9.71908	9.95195	10.18205	10.35619	10.47436	10.58978	10.58978	10.47436	10.35619	10.18205	9.95195	9.71908	8.32597	11.51591	9.35651	6.97081	2.79619	4.68398	7.94236	6.08036	7.85042	5.47983	3.17334	1.87376	0.56559	2.95308	1.35643	0.18091	-0.34014	1.49353	1.49038	0.25683	0.05848	-0.00244	-0.27771	0.15381	0.73154	1.24017	1.23609	0.98354	0.62186	0.27016	-0.30841	-0.01755
25	0	-0.64924	-0.70851	-0.53847	-0.25069	0.12317	0.55882	1.53231	0.63853	0.81094	1.81465	2.21806	0.77936	-1.32007	-1.62986	-0.64342	-0.95205	2.08573	2.02117	1.51736	2.68287	5.78918	7.3061	6.31033	6.33547	3.61774	4.10419	1.66601	0.87126	3.63137	2.27487	5.46516	10.27325	11.81332	12.94609	13.45384	13.64635	13.52361	12.77586	12.77586	13.52361	13.64635	13.45384	12.94609	11.81332	10.27325	5.46516	2.27487	3.63137	0.87126	1.66601	4.10419	3.61774	6.33547	6.31033	7.3061	5.78918	2.68287	1.51736	2.02117	2.08573	-0.95205	-0.64342	-1.62986	-1.32007	0.77936	2.21806	1.81465	0.81094	0.63853	1.53231	0.55882	0.12317	-0.25069	-0.53847	-0.70851	-0.64924
26	1.78143	-0.5616	-0.99232	-1.04288	-0.9629	-0.7426	-0.41896	0.95218	0.19028	0.78877	-0.25715	0	0.08071	0.66045	0.09592	1.7018	-0.46289	0.56369	0.40617	3.47565	-0.11156	2.79309	1.60727	4.38038	6.7373	7.35321	3.37108	5.48834	4.96617	6.88467	6.39894	5.85393	4.98246	4.43438	4.26224	4.21826	4.14975	4.05671	4.09182	4.09182	4.05671	4.14975	4.21826	4.26224	4.43438	4.98246	5.85393	6.39894	6.88467	4.96617	5.48834	3.37108	7.35321	6.7373	4.38038	1.60727	2.79309	-0.11156	3.47565	0.40617	0.56369	-0.46289	1.7018	0.09592	0.66045	0.08071	0	-0.25715	0.78877	0.19028	0.95218	-0.41896	-0.7426	-0.9629	-1.04288	-0.99232	-0.5616
27	3.08092	-1.68034	-1.12527	-0.72977	0.01544	0.74406	1.2187	0.84977	0	0.08344	0.5058	0.24628	1.1297	1.25489	1.21033	0.82831	1.22579	0.8941	1.97905	-0.86077	-3.00142	2.19667	-5.49775	-2.54059	0.50538	3.16284	-3.53044	-0.55791	3.81945	4.21327	7.91675	7.26733	6.09716	6.88824	7.25032	7.77818	7.87707	7.54698	7.38267	7.38267	7.54698	7.87707	7.77818	7.25032	6.88824	6.09716	7.26733	7.91675	4.21327	3.81945	-0.55791	-3.53044	3.16284	0.50538	-2.54059	-5.49775	2.19667	-3.00142	-0.86077	1.97905	0.8941	1.22579	0.82831	1.21033	1.25489	1.1297	0.24628	0.5058	0.08344	0	0.84977	1.2187	0.74406	0.01544	-0.72977	-1.12527	-1.68034
28	-5.6702	-0.46733	-0.44677	0.22327	1.29114	1.87884	2.32936	1.78898	1.01074	0.86175	2.09758	0.32236	1.14295	-0.36708	-0.00935	-0.83391	0.2911	1.14478	1.01438	0.5136	1.46462	2.57905	-1.11797	-4.39682	-3.02674	-2.39163	-2.1058	-1.30611	-3.07032	-0.06141	3.04048	5.02715	6.52733	6.30115	6.52559	6.8468	6.81852	6.44077	6.15978	6.15978	6.44077	6.81852	6.8468	6.52559	6.30115	6.52733	5.02715	3.04048	-0.06141	-3.07032	-1.30611	-2.1058	-2.39163	-3.02674	-4.39682	-1.11797	2.57905	1.46462	0.5136	1.01438	1.14478	0.2911	-0.83391	-0.00935	-0.36708	1.14295	0.32236	2.09758	0.86175	1.01074	1.78898	2.32936	1.87884	1.29114	0.22327	-0.44677	-0.46733
29	1.35069	0	-2.38076	-2.18473	-1.59817	-0.94473	-0.2503	-0.75006	0.56171	0.89137	0.02705	0.09815	0.89872	0.34429	0	0	0.43165	1.7408	1.32492	0.90059	-0.79355	-4.08139	-6.0196	-0.6027	0.62835	4.19901	5.55116	4.00465	2.71322	3.92125	4.63365	3.99205	-1.95317	-1.72936	-1.70894	-0.71458	-0.68661	-1.62501	-1.58947	-1.58947	-1.62501	-0.68661	-0.71458	-1.70894	-1.72936	-1.95317	3.99205	4.63365	3.92125	2.71322	4.00465	5.55116	4.19901	0.62835	-0.6027	-6.0196	-4.08139	-0.79355	0.90059	1.32492	1.7408	0.43165	0	0	0.34429	0.89872	0.09815	0.02705	0.89137	0.56171	-0.75006	-0.2503	-0.94473	-1.59817	-2.18473	-2.38076	0
30	0.0673	-2.61124	-2.39794	-2.12757	-1.53227	-0.81354	-0.02718	1.73379	0.47311	1.11673	0.56144	0.3439	1.07626	0.28858	0.07382	0	-1.21215	-1.22858	-0.90396	0.47483	0.02246	3.05849	2.18282	1.50734	3.39348	3.08862	-0.05692	1.22993	2.96614	4.31012	4.83978	4.83449	4.45689	7.02954	8.12113	8.95966	9.28124	9.08588	8.63745	8.63745	9.08588	9.28124	8.95966	8.12113	7.02954	4.45689	4.83449	4.83978	4.31012	2.96614	1.22993	-0.05692	3.08862	3.39348	1.50734	2.18282	3.05849	0.02246	0.47483	-0.90396	-1.22858	-1.21215	0	0.07382	0.28858	1.07626	0.3439	0.56144	1.11673	0.47311	1.73379	-0.02718	-0.81354	-1.53227	-2.12757	-2.39794	-2.61124
31	0.35946	-0.13772	-0.50928	-0.32615	0.63847	1.23143	1.73272	1.27446	1.59518	0.29187	-0.14471	0.31353	0.33927	-0.17776	0	0	-1.07003	-0.12822	-1.16349	0.05527	0.37611	-3.28777	0.16486	-1.78422	-0.75678	-0.63751	1.76598	2.98363	1.22418	2.53013	0.41985	6.87817	6.31654	5.34477	5.03119	4.68167	4.5602	4.66677	4.73741	4.73741	4.66677	4.5602	4.68167	5.03119	5.34477	6.31654	6.87817	0.41985	2.53013	1.22418	2.98363	1.76598	-0.63751	-0.75678	-1.78422	0.16486	-3.28777	0.37611	0.05527	-1.16349	-0.12822	-1.07003	0	0	-0.17776	0.33927	0.31353	-0.14471	0.29187	1.59518	1.27446	1.73272	1.23143	0.63847	-0.32615	-0.50928	-0.13772
32	-3.17007	-0.178	-0.55613	-0.12397	-0.02186	0.07184	0.12109	0.50391	-1.13421	-0.11699	0.08452	0.43461	0.2233	0	0	0.08076	-0.36714	-0.27102	-0.39109	1.22601	-1.51885	1.19934	1.50427	3.06524	4.05044	4.09115	1.1988	1.43762	-0.11743	1.30805	1.78319	2.64724	1.32158	4.19487	5.17281	5.92768	6.28684	6.2503	5.99067	5.99067	6.2503	6.28684	5.92768	5.17281	4.19487	1.32158	2.64724	1.78319	1.30805	-0.11743	1.43762	1.1988	4.09115	4.05044	3.06524	1.50427	1.19934	-1.51885	1.22601	-0.39109	-0.27102	-0.36714	0.08076	0	0	0.2233	0.43461	0.08452	-0.11699	-1.13421	0.50391	0.12109	0.07184	-0.02186	-0.12397	-0.55613	-0.178
33	0.70855	-2.009	-1.81719	-1.2033	-0.46718	0.31236	1.0172	1.46247	0.72671	0.68456	0.22776	0.52861	0.39182	0.63625	-2.18971	-0.55349	-0.58203	0.2043	0.0696	0	0	0.09124	0.52703	0.37588	1.41418	2.47058	3.45296	2.13818	2.06582	5.02053	3.59175	3.94943	4.93896	4.2915	2.05516	1.96545	1.88452	1.81236	3.88684	3.88684	1.81236	1.88452	1.96545	2.05516	4.2915	4.93896	3.94943	3.59175	5.02053	2.06582	2.13818	3.45296	2.47058	1.41418	0.37588	0.52703	0.09124	0	0	0.0696	0.2043	-0.58203	-0.55349	-2.18971	0.63625	0.39182	0.52861	0.22776	0.68456	0.72671	1.46247	1.0172	0.31236	-0.46718	-1.2033	-1.81719	-2.009
34	0.61367	-0.08048	-0.25654	-0.22314	-0.06555	0.74402	1.08754	0.45614	0.70626	0.91011	0.53495	0.61132	-0.25087	-0.42387	-0.15268	0.06167	0.34065	-0.9138	-0.76415	0	0	-3.14118	-0.91725	-0.08467	3.31582	1.55975	1.10486	-2.83096	-9.26779	-5.50084	-1.02212	-1.08627	-6.58691	-1.32946	0.97586	2.58892	3.2461	2.9474	1.95645	1.95645	2.9474	3.2461	2.58892	0.97586	-1.32946	-6.58691	-1.08627	-1.02212	-5.50084	-9.26779	-2.83096	1.10486	1.55975	3.31582	-0.08467	-0.91725	-3.14118	0	0	-0.76415	-0.9138	0.34065	0.06167	-0.15268	-0.42387	-0.25087	0.61132	0.53495	0.91011	0.70626	0.45614	1.08754	0.74402	-0.06555	-0.22314	-0.25654	-0.08048
35	0	0.16455	-0.25781	-0.24258	-0.23419	-0.17881	-0.10261	-0.01896	-0.11995	0	0.19818	0.74481	0.32192	1.30518	0.83343	1.48205	1.03865	-0.50973	-0.07086	0	-1.35028	-4.7104	-4.61931	-2.46815	-1.93027	2.70676	0.34158	1.85633	-2.08347	0.65071	2.04474	1.20416	3.43941	4.07332	4.48717	4.52775	4.60699	4.72488	4.46951	4.46951	4.72488	4.60699	4.52775	4.48717	4.07332	3.43941	1.20416	2.04474	0.65071	-2.08347	1.85633	0.34158	2.70676	-1.93027	-2.46815	-4.61931	-4.7104	-1.35028	0	-0.07086	-0.50973	1.03865	1.48205	0.83343	1.30518	0.32192	0.74481	0.19818	0	-0.11995	-0.01896	-0.10261	-0.17881	-0.23419	-0.24258	-0.25781	0.16455
36	-6.49063	0.80932	1.105	1.08233	0.9711	0.7986	0.60186	0.61677	0.20209	0	0	0	0	0.54971	0.00794	-0.80233	-0.2597	-1.49865	-1.15719	-1.05027	-1.17828	0	-1.82616	0.07332	0.53914	1.87171	1.90513	2.57195	2.42378	3.03094	3.59949	3.58738	2.63377	3.83996	4.1925	4.45157	4.60234	4.64482	4.59382	4.59382	4.64482	4.60234	4.45157	4.1925	3.83996	2.63377	3.58738	3.59949	3.03094	2.42378	2.57195	1.90513	1.87171	0.53914	0.07332	-1.82616	0	-1.17828	-1.05027	-1.15719	-1.49865	-0.2597	-0.80233	0.00794	0.54971	0	0	0	0	0.20209	0.61677	0.60186	0.7986	0.9711	1.08233	1.105	0.80932
37	-3.5975	-0.56236	-0.9415	-0.4572	-0.27846	-0.05977	0.15646	1.2709	-0.58802	0.36951	0	0.14352	0.05647	0	0	0	-0.68127	-3.0211	-2.12988	-0.50324	-3.2014	-5.38898	-4.40249	-3.18629	-1.48778	0	0	-0.30299	2.31894	3.67417	5.28097	4.46625	5.92889	5.44977	5.03841	2.71933	2.65944	4.85874	5.15031	5.15031	4.85874	2.65944	2.71933	5.03841	5.44977	5.92889	4.46625	5.28097	3.67417	2.31894	-0.30299	0	0	-1.48778	-3.18629	-4.40249	-5.38898	-3.2014	-0.50324	-2.12988	-3.0211	-0.68127	0	0	0	0.05647	0.14352	0	0.36951	-0.58802	1.2709	0.15646	-0.05977	-0.27846	-0.4572	-0.9415	-0.56236
38	3.23163	-0.07601	-1.62212	-1.73238	-1.38119	-1.00518	-0.58774	-0.26232	-1.24635	-1.13113	-0.09394	0	0.19327	0	0	0	-0.79533	0	-1.00351	-0.72976	-2.37149	-4.25877	-1.51108	-1.91156	-0.81518	1.83161	0.69004	-2.76108	-4.74553	-1.23662	-4.93857	-0.87417	-0.15131	1.1179	2.30511	3.58996	3.74861	2.78107	1.91115	1.91115	2.78107	3.74861	3.58996	2.30511	1.1179	-0.15131	-0.87417	-4.93857	-1.23662	-4.74553	-2.76108	0.69004	1.83161	-0.81518	-1.91156	-1.51108	-4.25877	-2.37149	-0.72976	-1.00351	0	-0.79533	0	0	0	0.19327	0	-0.09394	-1.13113	-1.24635	-0.26232	-0.58774	-1.00518	-1.38119	-1.73238	-1.62212	-0.07601
39	0.83279	-0.50917	-2.09518	-2.37423	-2.4773	-2.30188	-1.91313	-1.00773	-0.26243	0.30021	0.73701	0	0	0	0	0	0	0	0	0	0	0	0	0	1.55712	2.83095	0.84701	-2.32426	-0.92192	1.99788	2.641	3.04901	1.614	0.49064	-0.11732	-0.53069	-0.67111	-0.53858	-0.21146	-0.21146	-0.53858	-0.67111	-0.53069	-0.11732	0.49064	1.614	3.04901	2.641	1.99788	-0.92192	-2.32426	0.84701	2.83095	1.55712	0	0	0	0	0	0	0	0	0	0	0	0	0	0.73701	0.30021	-0.26243	-1.00773	-1.91313	-2.30188	-2.4773	-2.37423	-2.09518	-0.50917
40	-0.92635	-1.00503	-0.82968	-0.56818	-0.28852	-0.04382	0.12403	0.1951	0	-0.47736	-1.4617	-0.45341	-0.71588	-1.06359	-1.19204	-1.85712	-0.83416	0	-0.19081	0	0	0.74584	-1.39404	-1.18076	-1.75978	0.96182	-2.68349	-5.53734	-3.15999	-1.73094	1.37888	1.76157	3.03102	2.80752	2.82215	2.70564	2.6777	2.73834	2.66783	2.66783	2.73834	2.6777	2.70564	2.82215	2.80752	3.03102	1.76157	1.37888	-1.73094	-3.15999	-5.53734	-2.68349	0.96182	-1.75978	-1.18076	-1.39404	0.74584	0	0	-0.19081	0	-0.83416	-1.85712	-1.19204	-1.06359	-0.71588	-0.45341	-1.4617	-0.47736	0	0.1951	0.12403	-0.04382	-0.28852	-0.56818	-0.82968	-1.00503
41	-3.731	-0.16017	-0.48379	-0.03164	0.06591	0.1589	0.21475	0.5447	-0.50783	0.69412	0.53606	0.07864	-0.44226	-1.41697	-1.91695	-1.08218	-0.44154	0.06325	0	0	0	0	0	0	-1.57618	0.6009	-3.66357	-4.70788	-2.57078	-2.2806	-0.01727	3.16825	2.86418	3.87622	4.2181	4.36171	4.48822	4.59761	4.50874	4.50874	4.59761	4.48822	4.36171	4.2181	3.87622	2.86418	3.16825	-0.01727	-2.2806	-2.57078	-4.70788	-3.66357	0.6009	-1.57618	0	0	0	0	0	0	0.06325	-0.44154	-1.08218	-1.91695	-1.41697	-0.44226	0.07864	0.53606	0.69412	-0.50783	0.5447	0.21475	0.1589	0.06591	-0.03164	-0.48379	-0.16017
42	3.27113	-1.81556	-2.25441	-2.60884	-2.78997	-2.81566	-1.70803	-0.30587	-0.06443	-0.37137	-0.88278	-0.19437	0	0	0	-0.82907	0	-2.37071	-0.74704	0	0	-0.74209	-4.14289	0.23204	0.56438	1.66794	0.90249	0	1.40631	-0.04548	0	0	0	0	0	-0.88657	-0.88657	0	0	0	0	-0.88657	-0.88657	0	0	0	0	0	-0.04548	1.40631	0	0.90249	1.66794	0.56438	0.23204	-4.14289	-0.74209	0	0	-0.74704	-2.37071	0	-0.82907	0	0	0	-0.19437	-0.88278	-0.37137	-0.06443	-0.30587	-1.70803	-2.81566	-2.78997	-2.60884	-2.25441	-1.81556
43	0.67766	0	-0.26886	-0.50936	-0.67093	-0.62246	-0.40805	-0.4496	0.47438	0.45494	0.19727	-1.04368	-3.06964	-1.72341	-2.91872	-3.88352	-2.96956	-1.71303	-0.3834	0	0	0.56808	0	1.99411	1.51593	2.21344	1.24259	0.48489	-3.44149	-1.77698	-2.4001	0	-3.90511	-1.91268	-1.11064	-0.35814	-0.10909	-0.36348	-0.66741	-0.66741	-0.36348	-0.10909	-0.35814	-1.11064	-1.91268	-3.90511	0	-2.4001	-1.77698	-3.44149	0.48489	1.24259	2.21344	1.51593	1.99411	0	0.56808	0	0	-0.3834	-1.71303	-2.96956	-3.88352	-2.91872	-1.72341	-3.06964	-1.04368	0.19727	0.45494	0.47438	-0.4496	-0.40805	-0.62246	-0.67093	-0.50936	-0.26886	0
44	0	-3.11744	-2.15448	-1.03756	0.26032	0.23862	0	0	0	-1.68259	-1.12967	-0.73509	-0.12672	-0.86532	0.54759	0.52366	0.3857	0.10163	0	0	0	0	0	-2.15931	-2.31143	-1.09168	-1.8742	-2.36168	-2.78339	-1.16053	-2.82252	0	2.16773	3.49646	4.08566	4.13214	4.29823	4.58394	4.32691	4.32691	4.58394	4.29823	4.13214	4.08566	3.49646	2.16773	0	-2.82252	-1.16053	-2.78339	-2.36168	-1.8742	-1.09168	-2.31143	-2.15931	0	0	0	0	0	0.10163	0.3857	0.52366	0.54759	-0.86532	-0.12672	-0.73509	-1.12967	-1.68259	0	0	0	0.23862	0.26032	-1.03756	-2.15448	-3.11744
45	-0.79748	-1.15986	-1.38944	-1.30188	-1.19886	-1.00153	-0.73221	-0.23262	0.59349	0.45113	0.29067	0.06457	0	-0.04063	-2.48441	-1.56002	-0.93838	-1.09642	0	0	0.78023	0.54944	0.13977	0.39055	0.01068	-0.26551	0.41223	0.04325	0.17401	0	0.85449	0.86799	1.49135	-0.1705	-1.04627	-1.80744	-2.01517	-1.66946	-1.20915	-1.20915	-1.66946	-2.01517	-1.80744	-1.04627	-0.1705	1.49135	0.86799	0.85449	0	0.17401	0.04325	0.41223	-0.26551	0.01068	0.39055	0.13977	0.54944	0.78023	0	0	-1.09642	-0.93838	-1.56002	-2.48441	-0.04063	0	0.06457	0.29067	0.45113	0.59349	-0.23262	-0.73221	-1.00153	-1.19886	-1.30188	-1.38944	-1.15986
