lateral	-37.5	-36.5	-35.5	-34.5	-33.5	-32.5	-31.5	-30.5	-29.5	-28.5	-27.5	-26.5	-25.5	-24.5	-23.5	-22.5	-21.5	-20.5	-19.5	-18.5	-17.5	-16.5	-15.5	-14.5	-13.5	-12.5	-11.5	-10.5	-9.5	-8.5	-7.5	-6.5	-5.5	-4.5	-3.5	-2.5	-1.5	-0.5	0.5	1.5	2.5	3.5	4.5	5.5	6.5	7.5	8.5	9.5	10.5	11.5	12.5	13.5	14.5	15.5	16.5	17.5	18.5	19.5	20.5	21.5	22.5	23.5	24.5	25.5	26.5	27.5	28.5	29.5	30.5	31.5	32.5	33.5	34.5	35.5	36.5	37.5	38.5
DFB	mm	mm	mm	mm	mm	mm	mm	mm	mm	mm	mm	mm	mm	mm	mm	mm	mm	mm	mm	mm	mm	mm	mm	mm	mm	mm	mm	mm	mm	mm	mm	mm	mm	mm	mm	mm	mm	mm	mm	mm	mm	mm	mm	mm	mm	mm	mm	mm	mm	mm	mm	mm	mm	mm	mm	mm	mm	mm	mm	mm	mm	mm	mm	mm	mm	mm	mm	mm	mm	mm	mm	mm	mm	mm	mm	mm	mm
-5	4.48126	-1.53129	-1.29382	-0.59253	-0.20508	-0.01991	-0.12093	-0.2728	-3.73197	-5.24027	-2.55039	-3.44012	-1.712	-0.70297	-0.95746	-2.8658	-0.91354	0	0	0	0	0	0	0	0	0	0	0	0	0	0	0	0	0	0	0	0	0	0	0	0	0	0	0	0	0	0	0	0	0	0	0	0	0	0	0	0	0	0	0	0	-0.91354	-2.8658	-0.95746	-0.70297	-1.712	-3.44012	-2.55039	-5.24027	-3.73197	-0.2728	-0.12093	-0.01991	-0.20508	-0.59253	-1.29382	-1.53129
-4	-12.24446	0.86187	0.70894	0.31074	0	0	0	-2.04847	-2.60748	-3.50555	-1.8894	-1.75999	-0.36569	0.28277	0.22116	0.14366	0	0	0	0	0	0	0	0	0	0	0	0	0	0	0	0	0	0	0	0	0	0	0	0	0	0	0	0	0	0	0	0	0	0	0	0	0	0	0	0	0	0	0	0	0	0	0.14366	0.22116	0.28277	-0.36569	-1.75999	-1.8894	-3.50555	-2.60748	-2.04847	0	0	0	0.31074	0.70894	0.86187
-3	-6.15544	0.96971	0.76135	0.39142	-0.11718	-1.77934	-2.42595	-1.92523	-0.56388	0	-0.68526	0	0	0	0	-3.38348	-3.98111	-3.42262	-2.60693	-1.32494	0	0	0	0	0	0	0	0	0	0	0	0	0	0	0	0	0	0	0	0	0	0	0	0	0	0	0	0	0	0	0	0	0	0	0	0	0	0	-1.32494	-2.60693	-3.42262	-3.98111	-3.38348	0	0	0	0	-0.68526	0	-0.56388	-1.92523	-2.42595	-1.77934	-0.11718	0.39142	0.76135	0.96971
-2	-8.29192	-1.90624	-1.89611	-0.53082	0	0	0	0	0	0	0	0.20676	0.35626	0.19343	0.50864	-3.0983	-2.6585	-3.96213	-2.57437	-1.2231	0	0	0	0	0	0	-2.97002	-1.49503	-0.28501	0	0	0	0	0	0	0	0	0	0	0	0	0	0	0	0	0	0	0	0	-0.28501	-1.49503	-2.97002	0	0	0	0	0	0	-1.2231	-2.57437	-3.96213	-2.6585	-3.0983	0.50864	0.19343	0.35626	0.20676	0	0	0	0	0	0	0	-0.53082	-1.89611	-1.90624
-1	-11.05751	0.5451	0.27046	0.11113	0	0	0	-0.29737	-3.48037	-1.00143	-4.24712	-3.82016	-0.92012	-2.97173	-1.10237	0.90901	0.29977	0	0	0	0	0	0	0	0	0	0	0	0	0	0	0	0	0	0	0	0	0	0	0	0	0	0	0	0	0	0	0	0	0	0	0	0	0	0	0	0	0	0	0	0	0.29977	0.90901	-1.10237	-2.97173	-0.92012	-3.82016	-4.24712	-1.00143	-3.48037	-0.29737	0	0	0	0.11113	0.27046	0.5451
0	-10.48333	0.40839	0.31648	-0.38647	-1.88624	-3.02483	-3.87964	-3.31329	-0.48276	-0.15185	-0.53602	0.1494	0.02234	0.05529	0	0	0	0	0	0	0	0	0	0	0	0	0	0	0	0	0	0	0	0	0	0	0	0	0	0	0	0	0	0	0	0	0	0	0	0	0	0	0	0	0	0	0	0	0	0	0	0	0	0	0.05529	0.02234	0.1494	-0.53602	-0.15185	-0.48276	-3.31329	-3.87964	-3.02483	-1.88624	-0.38647	0.31648	0.40839
1	-2.56214	-0.11436	-0.35456	-0.34911	-0.41035	-0.45942	-0.5938	0.02847	-0.70212	-0.5018	-1.99689	-1.15764	1.70794	0.24479	0.37121	0.67693	-0.24747	0	-0.24477	0	0	0	0	0	0	0	-1.60901	-2.46447	-2.78529	-1.84945	-0.21228	0	0	0	0	0	0	0	0	0	0	0	0	0	0	0	0	-0.21228	-1.84945	-2.78529	-2.46447	-1.60901	0	0	0	0	0	0	0	-0.24477	0	-0.24747	0.67693	0.37121	0.24479	1.70794	-1.15764	-1.99689	-0.5018	-0.70212	0.02847	-0.5938	-0.45942	-0.41035	-0.34911	-0.35456	-0.11436
2	-3.04517	-1.91839	-2.28374	-1.89171	-1.78726	-1.64702	-1.47548	-0.9828	0	0	-0.96363	-0.38233	-2.05169	-2.18253	-2.89411	-2.84128	-1.59342	-2.72174	0	0	0	0	0	0	0	0	0	0	0	0	0	0	0	0	0	0	0	0	0	0	0	0	0	0	0	0	0	0	0	0	0	0	0	0	0	0	0	0	0	0	-2.72174	-1.59342	-2.84128	-2.89411	-2.18253	-2.05169	-0.38233	-0.96363	0	0	-0.9828	-1.47548	-1.64702	-1.78726	-1.89171	-2.28374	-1.91839
3	-4.33761	2.14643	1.76302	1.30405	0.66655	-1.14733	-3.72888	-2.62278	-4.53517	-3.62864	-1.40778	-2.25691	-1.62144	0.61164	0.34621	0	0	0	-0.16413	0	0	0	0	0	0	0	0	0	0	0	0	0	0	0	0	0	0	0	0	0	0	0	0	0	0	0	0	0	0	0	0	0	0	0	0	0	0	0	0	-0.16413	0	0	0	0.34621	0.61164	-1.62144	-2.25691	-1.40778	-3.62864	-4.53517	-2.62278	-3.72888	-1.14733	0.66655	1.30405	1.76302	2.14643
4	-4.7465	0	0	0	-0.32744	-1.78157	-2.45538	-1.55791	-1.20068	-3.22492	-0.7967	0.86296	0.80624	0.63417	0.20656	0.79072	-1.72431	-1.4877	-2.44809	-1.28185	-0.55595	0	0	0	0	0	0	0.52216	1.44335	0.10291	1.73261	0	-1.50169	-1.63309	-1.66773	-1.41037	-1.4268	-1.71701	-1.71522	-1.71522	-1.71701	-1.4268	-1.41037	-1.66773	-1.63309	-1.50169	0	1.73261	0.10291	1.44335	0.52216	0	0	0	0	0	0	-0.55595	-1.28185	-2.44809	-1.4877	-1.72431	0.79072	0.20656	0.63417	0.80624	0.86296	-0.7967	-3.22492	-1.20068	-1.55791	-2.45538	-1.78157	-0.32744	0	0	0
5	-5.10552	-1.65025	-2.05994	-1.97035	-2.04894	-2.08111	-2.06355	-0.70886	-1.95999	-3.66869	1.03693	0.03962	0.89085	-1.7588	-0.14616	-1.84993	0.40446	0	0	0	0	0	0	-0.11501	-0.14167	-0.16495	0.80018	2.02456	5.90461	3.57374	8.91199	4.56819	13.44815	10.9441	11.36364	11.58226	11.26926	10.42462	9.37906	9.37906	10.42462	11.26926	11.58226	11.36364	10.9441	13.44815	4.56819	8.91199	3.57374	5.90461	2.02456	0.80018	-0.16495	-0.14167	-0.11501	0	0	0	0	0	0	0.40446	-1.84993	-0.14616	-1.7588	0.89085	0.03962	1.03693	-3.66869	-1.95999	-0.70886	-2.06355	-2.08111	-2.04894	-1.97035	-2.05994	-1.65025
6	-4.77121	0.10347	-0.68428	-0.66209	-1.06096	-1.46016	-1.7998	0	-2.38619	-2.14979	-1.17552	-0.07588	-1.351	0.48942	0.61785	0.27861	0	0	0	0	0	0	0	0	0.67148	2.28361	9.49511	6.7577	16.98456	14.72463	15.32205	14.84633	20.86979	19.72316	20.38693	21.14184	20.99852	19.95694	19.00652	19.00652	19.95694	20.99852	21.14184	20.38693	19.72316	20.86979	14.84633	15.32205	14.72463	16.98456	6.7577	9.49511	2.28361	0.67148	0	0	0	0	0	0	0	0	0.27861	0.61785	0.48942	-1.351	-0.07588	-1.17552	-2.14979	-2.38619	0	-1.7998	-1.46016	-1.06096	-0.66209	-0.68428	0.10347
7	-3.60566	0	0	0	0	-0.30079	-0.89335	-1.13768	-2.2375	-0.57527	-0.22749	-0.30119	-0.01321	1.63861	1.2562	-0.57608	-1.50733	-3.95315	-1.33178	-2.4982	-2.37865	-0.98029	1.75315	2.3956	5.22047	8.74022	6.06114	3.03344	14.79728	13.49423	26.69151	21.55042	34.26806	38.64964	43.01076	46.86875	47.41645	44.65386	41.38812	41.38812	44.65386	47.41645	46.86875	43.01076	38.64964	34.26806	21.55042	26.69151	13.49423	14.79728	3.03344	6.06114	8.74022	5.22047	2.3956	1.75315	-0.98029	-2.37865	-2.4982	-1.33178	-3.95315	-1.50733	-0.57608	1.2562	1.63861	-0.01321	-0.30119	-0.22749	-0.57527	-2.2375	-1.13768	-0.89335	-0.30079	0	0	0	0
8	-17.42258	2.52104	1.98887	1.34013	0.53929	0	0	0	0	0	0	0.11628	-1.79112	-2.31392	-0.73129	-2.3481	0	-2.47771	0	0	0.54454	0.64074	3.87793	1.39897	0.84005	5.43425	10.26162	12.30365	25.65773	30.0475	45.86351	46.73199	56.21903	62.84216	68.48114	74.08277	74.91067	70.96483	66.98162	66.98162	70.96483	74.91067	74.08277	68.48114	62.84216	56.21903	46.73199	45.86351	30.0475	25.65773	12.30365	10.26162	5.43425	0.84005	1.39897	3.87793	0.64074	0.54454	0	0	-2.47771	0	-2.3481	-0.73129	-2.31392	-1.79112	0.11628	0	0	0	0	0	0	0.53929	1.34013	1.98887	2.52104
9	0	-1.35214	-1.36664	-1.44525	-1.40696	-1.34681	-1.28494	-1.19004	-1.15812	-0.63595	-0.39276	-0.9176	-0.77937	-1.76581	-4.15724	-2.36142	-2.16741	0	0.00718	0.28312	4.26939	7.97336	6.82587	13.0683	13.00076	15.16386	19.87076	24.94293	38.28816	48.06354	63.37489	66.22887	85.6806	91.23789	98.54697	105.999	106.6937	100.631	94.71118	94.71118	100.631	106.6937	105.999	98.54697	91.23789	85.6806	66.22887	63.37489	48.06354	38.28816	24.94293	19.87076	15.16386	13.00076	13.0683	6.82587	7.97336	4.26939	0.28312	0.00718	0	-2.16741	-2.36142	-4.15724	-1.76581	-0.77937	-0.9176	-0.39276	-0.63595	-1.15812	-1.19004	-1.28494	-1.34681	-1.40696	-1.44525	-1.36664	-1.35214
10	-13.7313	0.43084	0.71158	0.91337	1.09472	-0.18314	-0.88564	0.13224	-0.74626	-2.61143	0.43408	-2.05859	-0.12827	-1.76131	0.3883	-4.25369	-3.46981	0.16525	4.16864	0.63244	-3.47615	2.10042	6.90318	9.63869	19.68609	20.68079	33.16144	38.23201	57.73831	63.95554	77.37774	83.90685	109.5494	118.6997	128.8668	138.5072	139.651	132.2982	124.4187	124.4187	132.2982	139.651	138.5072	128.8668	118.6997	109.5494	83.90685	77.37774	63.95554	57.73831	38.23201	33.16144	20.68079	19.68609	9.63869	6.90318	2.10042	-3.47615	0.63244	4.16864	0.16525	-3.46981	-4.25369	0.3883	-1.76131	-0.12827	-2.05859	0.43408	-2.61143	-0.74626	0.13224	-0.88564	-0.18314	1.09472	0.91337	0.71158	0.43084
11	-0.70613	1.4773	1.16964	0.6318	-1.69196	-3.83718	-5.1546	-4.7774	-4.56466	-3.46898	-3.00905	0.56717	-0.84029	0.77148	0.22918	-0.94374	-1.80738	-4.55463	-3.30431	-3.63592	-6.4384	1.2336	8.87884	15.32048	21.59202	34.5301	44.363	58.4399	77.3157	86.98758	108.4953	111.3723	120.4396	131.4966	140.6606	150.9338	152.3159	144.8069	138.4073	138.4073	144.8069	152.3159	150.9338	140.6606	131.4966	120.4396	111.3723	108.4953	86.98758	77.3157	58.4399	44.363	34.5301	21.59202	15.32048	8.87884	1.2336	-6.4384	-3.63592	-3.30431	-4.55463	-1.80738	-0.94374	0.22918	0.77148	-0.84029	0.56717	-3.00905	-3.46898	-4.56466	-4.7774	-5.1546	-3.83718	-1.69196	0.6318	1.16964	1.4773
12	-25.39696	0.47933	0.35707	0.1795	0	0	0	0.22108	0.28954	0.91936	2.32928	2.01275	4.07606	1.67774	-5.02251	-4.92044	-9.41001	-7.88279	-5.24353	-5.21765	0.78858	1.02063	14.02274	21.05785	32.57116	41.85679	50.41364	66.89509	77.72001	94.88521	108.3771	113.8062	122.139	125.5514	131.6713	140.1671	140.5937	132.951	127.6843	127.6843	132.951	140.5937	140.1671	131.6713	125.5514	122.139	113.8062	108.3771	94.88521	77.72001	66.89509	50.41364	41.85679	32.57116	21.05785	14.02274	1.02063	0.78858	-5.21765	-5.24353	-7.88279	-9.41001	-4.92044	-5.02251	1.67774	4.07606	2.01275	2.32928	0.91936	0.28954	0.22108	0	0	0	0.1795	0.35707	0.47933
13	-2.93374	-0.26247	-0.52556	0	0	0	-0.46756	-0.35337	-1.87212	-4.69197	-1.0499	-2.26753	1.74273	-0.08082	-1.61635	-4.49018	-2.13951	-9.12007	-5.82081	-6.60836	4.4031	6.40099	23.04161	26.23265	43.36301	47.46189	63.99801	67.64019	81.3148	89.01231	105.5468	111.4841	134.0939	137.5191	144.9763	153.1564	153.5846	146.2608	139.6598	139.6598	146.2608	153.5846	153.1564	144.9763	137.5191	134.0939	111.4841	105.5468	89.01231	81.3148	67.64019	63.99801	47.46189	43.36301	26.23265	23.04161	6.40099	4.4031	-6.60836	-5.82081	-9.12007	-2.13951	-4.49018	-1.61635	-0.08082	1.74273	-2.26753	-1.0499	-4.69197	-1.87212	-0.35337	-0.46756	0	0	0	-0.52556	-0.26247
14	2.3887	-2.24456	-3.5332	-3.01512	-2.13984	-1.11355	-0.19796	-1.39883	0.41509	-0.80067	0.77454	-2.69597	-0.93156	-1.37494	-7.64516	-10.36521	-2.31135	0.27904	0.80078	2.36059	6.72272	8.90703	23.06885	25.28873	41.45849	46.94108	54.74006	66.40643	86.46481	96.06321	110.2906	118.0301	121.332	129.8858	136.7889	144.919	145.9882	139.9965	135.2319	135.2319	139.9965	145.9882	144.919	136.7889	129.8858	121.332	118.0301	110.2906	96.06321	86.46481	66.40643	54.74006	46.94108	41.45849	25.28873	23.06885	8.90703	6.72272	2.36059	0.80078	0.27904	-2.31135	-10.36521	-7.64516	-1.37494	-0.93156	-2.69597	0.77454	-0.80067	0.41509	-1.39883	-0.19796	-1.11355	-2.13984	-3.01512	-3.5332	-2.24456
15	-7.26164	0.47112	0.52632	0.11392	0	0	-0.08271	-0.79061	-0.72511	-1.72183	0.43215	-0.59259	0.86528	-1.28679	-5.01406	-12.07039	-10.36301	-5.35405	-4.92912	-1.80418	0.82193	9.78676	23.63846	34.72652	45.5098	55.26364	59.98952	66.57876	85.20055	98.47109	103.5547	109.7196	112.1034	122.9954	131.1763	140.899	142.2605	135.2607	129.8028	129.8028	135.2607	142.2605	140.899	131.1763	122.9954	112.1034	109.7196	103.5547	98.47109	85.20055	66.57876	59.98952	55.26364	45.5098	34.72652	23.63846	9.78676	0.82193	-1.80418	-4.92912	-5.35405	-10.36301	-12.07039	-5.01406	-1.28679	0.86528	-0.59259	0.43215	-1.72183	-0.72511	-0.79061	-0.08271	0	0	0.11392	0.52632	0.47112
16	-14.06406	0.76516	-0.43631	-0.24507	-0.72514	-1.37287	-2.13732	-3.57935	-0.52708	0.30584	-1.91716	1.09594	2.2127	-1.37912	-2.54186	-3.45978	-2.0145	0.28618	-5.29778	-1.90205	2.24016	11.0437	21.41439	35.14597	43.15393	47.28855	61.78577	72.87491	85.7034	93.64218	103.0425	109.0246	115.9502	121.6084	127.4104	134.1289	134.8362	129.5323	125.1448	125.1448	129.5323	134.8362	134.1289	127.4104	121.6084	115.9502	109.0246	103.0425	93.64218	85.7034	72.87491	61.78577	47.28855	43.15393	35.14597	21.41439	11.0437	2.24016	-1.90205	-5.29778	0.28618	-2.0145	-3.45978	-2.54186	-1.37912	2.2127	1.09594	-1.91716	0.30584	-0.52708	-3.57935	-2.13732	-1.37287	-0.72514	-0.24507	-0.43631	0.76516
17	-8.10744	-4.18505	-3.62739	-1.96061	-0.77693	0	0	1.08866	-0.26768	-0.35867	-0.97775	0.40881	0.76093	-0.3223	-3.67742	-5.88835	0.03423	-3.51729	1.8769	1.07057	5.43017	16.23755	21.17222	37.81844	39.60283	52.89293	50.33277	64.65138	74.57178	81.84218	86.05099	95.52071	98.82355	107.6397	114.5767	122.5731	123.6752	117.8827	113.1499	113.1499	117.8827	123.6752	122.5731	114.5767	107.6397	98.82355	95.52071	86.05099	81.84218	74.57178	64.65138	50.33277	52.89293	39.60283	37.81844	21.17222	16.23755	5.43017	1.07057	1.8769	-3.51729	0.03423	-5.88835	-3.67742	-0.3223	0.76093	0.40881	-0.97775	-0.35867	-0.26768	1.08866	0	0	-0.77693	-1.96061	-3.62739	-4.18505
18	-5.90609	1.43838	0.81061	0.09249	-0.66398	-1.1642	-1.61285	-1.30083	-0.20365	0.33003	1.3635	3.0191	2.63818	2.30732	-3.14835	-1.00245	-4.29204	-2.96771	-1.17214	1.50159	8.95865	10.44914	17.63215	28.1005	35.92159	46.05067	51.94387	58.80318	70.22892	79.46104	85.54662	95.08647	99.26386	100.0646	103.8018	109.5264	109.6265	104.1021	100.565	100.565	104.1021	109.6265	109.5264	103.8018	100.0646	99.26386	95.08647	85.54662	79.46104	70.22892	58.80318	51.94387	46.05067	35.92159	28.1005	17.63215	10.44914	8.95865	1.50159	-1.17214	-2.96771	-4.29204	-1.00245	-3.14835	2.30732	2.63818	3.0191	1.3635	0.33003	-0.20365	-1.30083	-1.61285	-1.1642	-0.66398	0.09249	0.81061	1.43838
19	-0.91576	1.08149	0.52111	0.04004	-0.59106	-1.08986	-0.94421	0	0	-0.38562	-2.96736	-4.04744	-1.68001	-2.87529	-1.7251	-5.223	-1.42277	0.92332	5.05687	9.25227	9.19995	16.88398	23.30775	31.30719	39.07812	42.88966	50.39272	49.61649	57.74347	66.90942	73.68585	82.07387	86.79267	95.91592	101.6357	106.6246	107.7649	105.0569	101.6179	101.6179	105.0569	107.7649	106.6246	101.6357	95.91592	86.79267	82.07387	73.68585	66.90942	57.74347	49.61649	50.39272	42.88966	39.07812	31.30719	23.30775	16.88398	9.19995	9.25227	5.05687	0.92332	-1.42277	-5.223	-1.7251	-2.87529	-1.68001	-4.04744	-2.96736	-0.38562	0	0	-0.94421	-1.08986	-0.59106	0.04004	0.52111	1.08149
20	-4.85528	0.05751	0.05049	0	-0.14277	-1.05818	-1.39634	0.72021	-0.86884	-3.18168	-0.28732	-0.77705	0.26375	-1.01902	0.20253	-1.73717	-4.00388	0.50681	4.50955	6.17294	7.46521	14.02937	22.77085	30.33579	36.38112	41.45157	40.61065	51.92908	56.51122	66.74966	73.51052	75.27928	86.04859	92.12276	97.29062	102.0075	102.7667	99.56846	95.91912	95.91912	99.56846	102.7667	102.0075	97.29062	92.12276	86.04859	75.27928	73.51052	66.74966	56.51122	51.92908	40.61065	41.45157	36.38112	30.33579	22.77085	14.02937	7.46521	6.17294	4.50955	0.50681	-4.00388	-1.73717	0.20253	-1.01902	0.26375	-0.77705	-0.28732	-3.18168	-0.86884	0.72021	-1.39634	-1.05818	-0.14277	0	0.05049	0.05751
21	-17.84824	0.69461	0.48337	0.84761	0.34676	0	0	0	0	1.72778	1.6719	-0.2103	1.41904	-3.28784	-3.18195	-5.93737	0.58026	4.62169	3.32335	5.98312	8.75907	16.73318	22.56948	29.30862	34.20565	41.15708	44.55061	51.32608	59.29546	68.50378	71.10849	75.32399	77.22843	78.73452	82.06908	87.2157	87.40396	82.63387	79.67584	79.67584	82.63387	87.40396	87.2157	82.06908	78.73452	77.22843	75.32399	71.10849	68.50378	59.29546	51.32608	44.55061	41.15708	34.20565	29.30862	22.56948	16.73318	8.75907	5.98312	3.32335	4.62169	0.58026	-5.93737	-3.18195	-3.28784	1.41904	-0.2103	1.6719	1.72778	0	0	0	0	0.34676	0.84761	0.48337	0.69461
22	-8.07191	1.53447	0.5692	0.05448	-1.04081	-2.12215	-3.02931	-0.9343	-0.35056	-6.11624	-3.72722	-1.12902	-0.11037	-0.01579	0.92786	-1.40745	-0.19649	-0.3168	4.45195	5.58515	10.04534	14.14536	22.4605	29.65219	31.80682	38.39413	42.77525	45.14298	52.88191	59.11567	61.85829	64.78987	64.3918	67.81598	70.91928	75.25194	75.67996	72.20334	69.9561	69.9561	72.20334	75.67996	75.25194	70.91928	67.81598	64.3918	64.78987	61.85829	59.11567	52.88191	45.14298	42.77525	38.39413	31.80682	29.65219	22.4605	14.14536	10.04534	5.58515	4.45195	-0.3168	-0.19649	-1.40745	0.92786	-0.01579	-0.11037	-1.12902	-3.72722	-6.11624	-0.35056	-0.9343	-3.02931	-2.12215	-1.04081	0.05448	0.5692	1.53447
23	-4.48788	0	0	0	0	0	0	-3.70165	-6.68305	-6.05053	-2.13733	1.20563	2.71657	0.07923	-1.27055	0.20329	-0.13292	-0.82477	3.81169	1.49064	5.59773	10.61911	20.18245	26.15018	30.2954	32.834	39.60394	45.24842	49.63046	54.488	55.80259	62.9858	65.74409	68.69592	72.52785	75.9907	76.35968	73.63478	70.54082	70.54082	73.63478	76.35968	75.9907	72.52785	68.69592	65.74409	62.9858	55.80259	54.488	49.63046	45.24842	39.60394	32.834	30.2954	26.15018	20.18245	10.61911	5.59773	1.49064	3.81169	-0.82477	-0.13292	0.20329	-1.27055	0.07923	2.71657	1.20563	-2.13733	-6.05053	-6.68305	-3.70165	0	0	0	0	0	0
24	-17.0843	1.23889	0.95012	0.43372	0.00965	0	-1.52631	-1.99667	-2.72596	-2.39049	-1.34827	1.23078	3.41591	3.95012	3.54967	3.18487	-0.97337	0.0668	2.81829	3.07569	5.95247	8.88158	17.35822	25.09446	28.28664	33.15098	37.95204	37.79138	41.95	51.55544	54.29765	45.33458	46.90609	50.86996	54.83923	60.8415	61.33698	56.32568	53.34738	53.34738	56.32568	61.33698	60.8415	54.83923	50.86996	46.90609	45.33458	54.29765	51.55544	41.95	37.79138	37.95204	33.15098	28.28664	25.09446	17.35822	8.88158	5.95247	3.07569	2.81829	0.0668	-0.97337	3.18487	3.54967	3.95012	3.41591	1.23078	-1.34827	-2.39049	-2.72596	-1.99667	-1.52631	0	0.00965	0.43372	0.95012	1.23889
25	-31.05237	0.7353	1.01651	1.20717	1.36902	1.46193	1.47081	0.86803	0	-0.36365	-1.77998	1.00298	1.46772	0.19159	3.22902	1.90818	2.57005	5.84372	7.71185	8.89349	6.68325	11.05779	16.03473	21.97732	25.21239	30.81845	27.94651	34.55333	41.20654	47.2498	48.44931	52.96541	50.92662	54.55199	57.57241	62.07954	62.53271	58.93192	56.81784	56.81784	58.93192	62.53271	62.07954	57.57241	54.55199	50.92662	52.96541	48.44931	47.2498	41.20654	34.55333	27.94651	30.81845	25.21239	21.97732	16.03473	11.05779	6.68325	8.89349	7.71185	5.84372	2.57005	1.90818	3.22902	0.19159	1.46772	1.00298	-1.77998	-0.36365	0	0.86803	1.47081	1.46193	1.36902	1.20717	1.01651	0.7353
26	-6.6345	2.04134	1.59606	1.1155	-0.41027	-1.71372	-2.51083	-2.32773	-3.21287	-3.9885	-0.92195	0.84313	1.03403	3.22372	3.1356	3.96704	4.53114	4.82815	6.45278	7.18935	7.85218	13.60247	15.29193	19.17801	24.18578	24.69544	25.15686	30.4024	37.5115	41.83869	44.39914	42.89744	42.80217	45.08178	46.68756	48.8964	49.18136	47.54242	46.50653	46.50653	47.54242	49.18136	48.8964	46.68756	45.08178	42.80217	42.89744	44.39914	41.83869	37.5115	30.4024	25.15686	24.69544	24.18578	19.17801	15.29193	13.60247	7.85218	7.18935	6.45278	4.82815	4.53114	3.96704	3.1356	3.22372	1.03403	0.84313	-0.92195	-3.9885	-3.21287	-2.32773	-2.51083	-1.71372	-0.41027	1.1155	1.59606	2.04134
27	-10.01442	1.06268	0.85924	0.65511	0.39897	0.19578	-1.46813	-4.00167	-3.41331	-2.83651	-0.59028	0.61756	0.33084	4.01829	2.84646	1.46009	-2.13752	4.5111	3.94764	0.6409	2.06583	7.99598	15.12012	19.07336	21.74366	26.50483	27.43785	31.21086	33.48624	37.80122	36.70242	40.05163	42.75117	44.94567	46.09373	49.85766	50.13197	46.91667	46.31723	46.31723	46.91667	50.13197	49.85766	46.09373	44.94567	42.75117	40.05163	36.70242	37.80122	33.48624	31.21086	27.43785	26.50483	21.74366	19.07336	15.12012	7.99598	2.06583	0.6409	3.94764	4.5111	-2.13752	1.46009	2.84646	4.01829	0.33084	0.61756	-0.59028	-2.83651	-3.41331	-4.00167	-1.46813	0.19578	0.39897	0.65511	0.85924	1.06268
28	3.101	1.79902	1.66369	1.06906	0.62419	-1.06509	-2.03548	-1.92166	-3.18515	-0.42778	-3.1414	-0.57473	-2.73282	0.86859	1.41265	-0.7441	0.04721	4.92855	4.85482	7.44207	9.72373	12.91298	13.28032	17.04802	15.6816	22.50388	20.83737	19.85657	24.33702	32.68026	33.26389	38.04296	41.03709	42.1055	44.23344	46.89309	47.02664	44.63409	42.77325	42.77325	44.63409	47.02664	46.89309	44.23344	42.1055	41.03709	38.04296	33.26389	32.68026	24.33702	19.85657	20.83737	22.50388	15.6816	17.04802	13.28032	12.91298	9.72373	7.44207	4.85482	4.92855	0.04721	-0.7441	1.41265	0.86859	-2.73282	-0.57473	-3.1414	-0.42778	-3.18515	-1.92166	-2.03548	-1.06509	0.62419	1.06906	1.66369	1.79902
