lateral	-37.5	-36.5	-35.5	-34.5	-33.5	-32.5	-31.5	-30.5	-29.5	-28.5	-27.5	-26.5	-25.5	-24.5	-23.5	-22.5	-21.5	-20.5	-19.5	-18.5	-17.5	-16.5	-15.5	-14.5	-13.5	-12.5	-11.5	-10.5	-9.5	-8.5	-7.5	-6.5	-5.5	-4.5	-3.5	-2.5	-1.5	-0.5	0.5	1.5	2.5	3.5	4.5	5.5	6.5	7.5	8.5	9.5	10.5	11.5	12.5	13.5	14.5	15.5	16.5	17.5	18.5	19.5	20.5	21.5	22.5	23.5	24.5	25.5	26.5	27.5	28.5	29.5	30.5	31.5	32.5	33.5	34.5	35.5	36.5	37.5	38.5
DFB	mm	mm	mm	mm	mm	mm	mm	mm	mm	mm	mm	mm	mm	mm	mm	mm	mm	mm	mm	mm	mm	mm	mm	mm	mm	mm	mm	mm	mm	mm	mm	mm	mm	mm	mm	mm	mm	mm	mm	mm	mm	mm	mm	mm	mm	mm	mm	mm	mm	mm	mm	mm	mm	mm	mm	mm	mm	mm	mm	mm	mm	mm	mm	mm	mm	mm	mm	mm	mm	mm	mm	mm	mm	mm	mm	mm	mm
-5	-9.36391	0	0	0	0	-1.19723	-10.48969	-8.31667	-8.0086	-7.57799	-6.44409	-2.76334	-1.52031	0	0	0	0	0	0	0	0	0	0	0	0	0	0	0	0	0	0	0	0	0	-1.24629	-2.57079	-2.57079	-1.24629	0	0	-1.24629	-2.57079	-2.57079	-1.24629	0	0	0	0	0	0	0	0	0	0	0	0	0	0	0	0	0	0	0	0	0	-1.52031	-2.76334	-6.44409	-7.57799	-8.0086	-8.31667	-10.48969	-1.19723	0	0	0	0
-4	-8.77319	0	0	0	0	-1.11506	-9.76054	-8.51693	-6.79439	-6.86687	-2.61485	-2.24909	0.63529	0	0	0	0	0	0	0	0	0	0	0	0	0	0	0	0	0	0	0	0	0	0	0	0	0	0	0	0	0	0	0	0	0	0	0	0	0	0	0	0	0	0	0	0	0	0	0	0	0	0	0	0	0.63529	-2.24909	-2.61485	-6.86687	-6.79439	-8.51693	-9.76054	-1.11506	0	0	0	0
-3	-9.20393	0	0	0	0	-1.0739	-10.10345	-7.84144	-8.00992	-6.16311	-3.48318	-0.09196	0	0	0	0	0	0	0	0	0	0	0	0	0	0	0	0	0	0	0	0	0	0	-1.25922	-1.61238	-1.61238	-1.25922	0	0	-1.25922	-1.61238	-1.61238	-1.25922	0	0	0	0	0	0	0	0	0	0	0	0	0	0	0	0	0	0	0	0	0	0	-0.09196	-3.48318	-6.16311	-8.00992	-7.84144	-10.10345	-1.0739	0	0	0	0
-2	-10.29952	0	0	0	0	-1.13319	-11.21774	-8.83961	-8.2202	-6.74735	-4.71404	1.22388	0.27092	0	0	0	0	0	0	0	0	0	0	0	0	0	0	0	0	0	0	0	0	-0.64202	-4.07563	-5.62252	-5.70278	-4.31639	-1.04328	-1.04328	-4.31639	-5.70278	-5.62252	-4.07563	-0.64202	0	0	0	0	0	0	0	0	0	0	0	0	0	0	0	0	0	0	0	0	0.27092	1.22388	-4.71404	-6.74735	-8.2202	-8.83961	-11.21774	-1.13319	0	0	0	0
-1	-8.31906	0	0	0	0	-1.57203	-9.65671	-7.74864	-7.27714	-6.70151	-3.81706	0.23264	0.55991	0	0	0	0	0	0	0	0	0	0	0	0	0	0	0	0	0	0	0	0	0	-3.08569	-4.33227	-4.33227	-3.08569	0	0	-3.08569	-4.33227	-4.33227	-3.08569	0	0	0	0	0	0	0	0	0	0	0	0	0	0	0	0	0	0	0	0	0	0.55991	0.23264	-3.81706	-6.70151	-7.27714	-7.74864	-9.65671	-1.57203	0	0	0	0
0	-8.06838	0	0	0	0	-0.96204	-8.93933	-7.92749	-7.18606	-4.47514	-3.30209	0.81185	0.28502	0	0	0	0	0	0	0	0	0	0	0	0	0	0	0	0	0	0	0	0	-2.62078	-5.45506	-4.55772	-4.88532	-6.43785	-4.25876	-4.25876	-6.43785	-4.88532	-4.55772	-5.45506	-2.62078	0	0	0	0	0	0	0	0	0	0	0	0	0	0	0	0	0	0	0	0	0.28502	0.81185	-3.30209	-4.47514	-7.18606	-7.92749	-8.93933	-0.96204	0	0	0	0
1	-8.91795	0	0	0	0	-0.9139	-9.81314	-8.39783	-7.79929	-6.36417	-4.64012	-2.71361	-0.72694	0	0	0	0	0	0	0	0	0	0	0	0	0	0	0	0	0	0	0	0	0	-2.18035	-3.04758	-3.04758	-2.18035	0	0	-2.18035	-3.04758	-3.04758	-2.18035	0	0	0	0	0	0	0	0	0	0	0	0	0	0	0	0	0	0	0	0	0	-0.72694	-2.71361	-4.64012	-6.36417	-7.79929	-8.39783	-9.81314	-0.9139	0	0	0	0
2	-9.28337	0	0	0	0	-1.31912	-10.36342	-7.04125	-8.52355	-7.37216	-4.83893	-1.14783	0	0	0	0	0	0	0	0	0	0	0	0	0	0	0	0	0	0	-2.93244	-1.83246	0	0	0	0	0	0	0	0	0	0	0	0	0	0	-1.83246	-2.93244	0	0	0	0	0	0	0	0	0	0	0	0	0	0	0	0	0	0	-1.14783	-4.83893	-7.37216	-8.52355	-7.04125	-10.36342	-1.31912	0	0	0	0
3	-7.76695	0	0	0	0	-1.22014	-8.68279	-6.65898	-6.41319	-4.16939	-2.3237	1.77034	0.72573	0	0	0	0	0	0	0	0	0	0	0	0	0	0	0	0	0	0	-2.44392	-4.4263	-8.41762	-8.84639	-7.25774	-7.75666	-10.34314	-10.91219	-10.91219	-10.34314	-7.75666	-7.25774	-8.84639	-8.41762	-4.4263	-2.44392	0	0	0	0	0	0	0	0	0	0	0	0	0	0	0	0	0	0	0.72573	1.77034	-2.3237	-4.16939	-6.41319	-6.65898	-8.68279	-1.22014	0	0	0	0
4	-7.26208	0	0	0	0	-1.13512	-8.18071	-6.16414	-5.64335	-5.59228	-3.59171	-1.75954	0	0	0	0	0	0	0	0.7361	0.435	0.06329	0	0	0	0	0	0	0	0	0	0	0	0	0	0	0	0	0	0	0	0	0	0	0	0	0	0	0	0	0	0	0	0	0	0	0.06329	0.435	0.7361	0	0	0	0	0	0	0	-1.75954	-3.59171	-5.59228	-5.64335	-6.16414	-8.18071	-1.13512	0	0	0	0
5	-9.39943	0	0	0	0	-1.18946	-10.43013	-8.37405	-8.44589	-6.38641	-4.21146	0.81171	0	0	0	0	0	0	0	0	0	0	0	0	0	-2.0753	-0.32146	-1.46699	0	-0.53005	0	0	0	0	-0.63417	-2.76869	-2.76869	-0.63417	0	0	-0.63417	-2.76869	-2.76869	-0.63417	0	0	0	0	-0.53005	0	-1.46699	-0.32146	-2.0753	0	0	0	0	0	0	0	0	0	0	0	0	0	0.81171	-4.21146	-6.38641	-8.44589	-8.37405	-10.43013	-1.18946	0	0	0	0
6	-6.72012	0	0	0	0	-0.88535	-7.43713	-4.6393	-4.5134	-6.73249	-5.17436	-4.40735	-0.07426	0	0	0	0	0	0	0.8153	0.7891	0.20316	0	0	0	0	0	0	0	0	0	0	0	0	-1.75906	-1.84707	-1.84707	-1.75906	0	0	-1.75906	-1.84707	-1.84707	-1.75906	0	0	0	0	0	0	0	0	0	0	0	0	0.20316	0.7891	0.8153	0	0	0	0	0	0	-0.07426	-4.40735	-5.17436	-6.73249	-4.5134	-4.6393	-7.43713	-0.88535	0	0	0	0
7	-6.13382	0	0	0	0	-0.75262	-6.79188	-5.89123	-3.77753	-5.01039	-3.33233	0.98745	-2.26954	0	0	0	0	0	0	0	0	0	0	0	0	0	0	0	0	0	0	0	0	0	0	0	0	0	0	0	0	0	0	0	0	0	0	0	0	0	0	0	0	0	0	0	0	0	0	0	0	0	0	0	0	-2.26954	0.98745	-3.33233	-5.01039	-3.77753	-5.89123	-6.79188	-0.75262	0	0	0	0
8	-6.37103	0	0	0	0	-0.64646	-6.87304	-6.00125	-4.87248	-1.89331	-2.52339	1.82024	-0.82496	0	0	0	0	0	0	0	0	0	0	0	0	0	-1.84103	0	0	0	0	0	0	0	0	0	0	0	0	0	0	0	0	0	0	0	0	0	0	0	0	-1.84103	0	0	0	0	0	0	0	0	0	0	0	0	0	-0.82496	1.82024	-2.52339	-1.89331	-4.87248	-6.00125	-6.87304	-0.64646	0	0	0	0
9	-8.30781	0	0	0	0	-1.35594	-9.3809	-7.11071	-7.3743	-5.0978	-3.63396	1.55937	1.20525	0	0	0	0	0	0	0.31785	0	0	0	0	0	0	0	0	0	0	0	0	0	0	0	0	0	0	0	0	0	0	0	0	0	0	0	0	0	0	0	0	0	0	0	0	0	0	0.31785	0	0	0	0	0	0	1.20525	1.55937	-3.63396	-5.0978	-7.3743	-7.11071	-9.3809	-1.35594	0	0	0	0
10	-7.78748	0	0	0	0	-1.14736	-8.56598	-4.96975	-7.20077	-4.47817	-1.48217	-1.45725	1.09269	0	0	0	0	0	0	0	0	0	0	0	0	0	0	0	0	0	0	0	0	0	0	-0.0085	-0.0085	0	0	0	0	-0.0085	-0.0085	0	0	0	0	0	0	0	0	0	0	0	0	0	0	0	0	0	0	0	0	0	0	1.09269	-1.45725	-1.48217	-4.47817	-7.20077	-4.96975	-8.56598	-1.14736	0	0	0	0
11	-7.64956	0	0	0	0	-1.20074	-8.5498	-6.55699	-4.25493	-5.04389	-4.21856	-3.15559	0.10343	0	0	0	0	0	0	0	0.97846	0.37526	0	0	0	0	0	0	0	0	0	0	0	-0.05992	-4.81746	-3.8949	-3.90239	-4.83993	-0.09737	-0.09737	-4.83993	-3.90239	-3.8949	-4.81746	-0.05992	0	0	0	0	0	0	0	0	0	0	0	0.37526	0.97846	0	0	0	0	0	0	0	0.10343	-3.15559	-4.21856	-5.04389	-4.25493	-6.55699	-8.5498	-1.20074	0	0	0	0
12	-7.89979	0	0	0	0	-0.74017	-8.56089	-7.20549	-6.63684	-5.80138	-1.75696	-0.98447	0.46991	0	0	0	0	0	0	0	0	0	0.21761	0.14975	0	0	0	0	0	0	0	0	0	0	0.18908	1.27851	1.27851	0.18908	0	0	0.18908	1.27851	1.27851	0.18908	0	0	0	0	0	0	0	0	0	0	0.14975	0.21761	0	0	0	0	0	0	0	0	0	0.46991	-0.98447	-1.75696	-5.80138	-6.63684	-7.20549	-8.56089	-0.74017	0	0	0	0
13	-7.74776	0	0	0	0	-1.09289	-8.50466	-6.26266	-5.45339	-3.95188	-1.33989	-0.37228	0.72518	0	0	0	0	0	0	0	0	0	0	0	0	0	0	0	0	0	0	0	-1.70377	0.63292	2.13597	3.77507	4.06716	3.01222	2.09334	2.09334	3.01222	4.06716	3.77507	2.13597	0.63292	-1.70377	0	0	0	0	0	0	0	0	0	0	0	0	0	0	0	0	0	0	0	0.72518	-0.37228	-1.33989	-3.95188	-5.45339	-6.26266	-8.50466	-1.09289	0	0	0	0
14	-6.46923	0	0	0	0	-1.23162	-7.36357	-4.47802	-5.95963	-2.82976	-1.98593	-3.06462	-0.60056	0	0	0	0	0	0	0.11155	0.24816	1.06939	0.19822	0	0	0	0	0	0	0	-2.19313	-2.45312	-4.02653	-5.95818	-5.86433	-4.21799	-4.45944	-6.58869	-7.16546	-7.16546	-6.58869	-4.45944	-4.21799	-5.86433	-5.95818	-4.02653	-2.45312	-2.19313	0	0	0	0	0	0	0	0.19822	1.06939	0.24816	0.11155	0	0	0	0	0	0	-0.60056	-3.06462	-1.98593	-2.82976	-5.95963	-4.47802	-7.36357	-1.23162	0	0	0	0
15	-6.11219	0	0	0	0	-0.7656	-6.92734	-6.26541	-5.12397	-6.3756	-4.22638	-2.24017	0	0	0	0	0	0	0	0	0	0.51219	1.35955	0	0	0	0	0	0.96272	0	3.87524	4.56547	4.08448	-0.40656	-1.83062	-2.65436	-3.21574	-3.51477	-3.21344	-3.21344	-3.51477	-3.21574	-2.65436	-1.83062	-0.40656	4.08448	4.56547	3.87524	0	0.96272	0	0	0	0	0	1.35955	0.51219	0	0	0	0	0	0	0	0	0	-2.24017	-4.22638	-6.3756	-5.12397	-6.26541	-6.92734	-0.7656	0	0	0	0
16	-5.67858	0	0	0	0	-0.9069	-6.77347	-5.58969	-8.36947	-5.54897	-4.17269	-4.4203	-3.67652	-0.49248	0	0	0.72643	1.13613	1.03838	1.05587	0	0	0	0	0	0	0	0	4.06366	5.3248	7.12942	8.98481	0.55832	-2.90383	-4.02397	-2.83578	-3.26855	-5.32228	-5.06767	-5.06767	-5.32228	-3.26855	-2.83578	-4.02397	-2.90383	0.55832	8.98481	7.12942	5.3248	4.06366	0	0	0	0	0	0	0	0	1.05587	1.03838	1.13613	0.72643	0	0	-0.49248	-3.67652	-4.4203	-4.17269	-5.54897	-8.36947	-5.58969	-6.77347	-0.9069	0	0	0	0
17	-7.82499	0	0	0	0	-0.02252	-7.85477	-6.80049	-5.65018	-3.78838	-2.89541	-0.17957	0.71915	0	0	0	0	0	0	0	0	1.08483	1.31388	0.55358	0.19988	-2.52596	0.27837	1.4709	3.22213	4.50899	9.52378	9.3748	-0.22057	-1.66519	-2.10803	-0.31658	-0.49716	-2.64976	-2.56807	-2.56807	-2.64976	-0.49716	-0.31658	-2.10803	-1.66519	-0.22057	9.3748	9.52378	4.50899	3.22213	1.4709	0.27837	-2.52596	0.19988	0.55358	1.31388	1.08483	0	0	0	0	0	0	0	0	0.71915	-0.17957	-2.89541	-3.78838	-5.65018	-6.80049	-7.85477	-0.02252	0	0	0	0
18	-7.42735	0	0	0	0	-0.27608	-7.75824	-7.57317	-5.44009	-5.03165	-2.39446	0.42363	1.14691	0	0	0	0	0	0	0	0	0.66946	2.71374	0.95109	0.0799	1.6278	1.7476	3.30167	3.72248	6.31097	-1.04342	-6.45253	-3.27725	-5.10064	-2.97406	1.88237	1.65444	-3.65783	-6.24026	-6.24026	-3.65783	1.65444	1.88237	-2.97406	-5.10064	-3.27725	-6.45253	-1.04342	6.31097	3.72248	3.30167	1.7476	1.6278	0.0799	0.95109	2.71374	0.66946	0	0	0	0	0	0	0	0	1.14691	0.42363	-2.39446	-5.03165	-5.44009	-7.57317	-7.75824	-0.27608	0	0	0	0
19	-6.44253	0	0	0	0	-0.50333	-6.86841	-5.97839	-4.78526	-3.81468	-2.1557	-1.12998	0.79446	0.0827	0	0	0	0	0.32897	1.54831	1.67867	1.65954	1.04978	0.87746	0.0729	-0.46164	-6.58206	-5.31882	-6.54925	-0.12723	0.45825	6.70985	6.61075	9.56318	11.98979	14.87394	15.243	13.09695	11.40844	11.40844	13.09695	15.243	14.87394	11.98979	9.56318	6.61075	6.70985	0.45825	-0.12723	-6.54925	-5.31882	-6.58206	-0.46164	0.0729	0.87746	1.04978	1.65954	1.67867	1.54831	0.32897	0	0	0	0	0.0827	0.79446	-1.12998	-2.1557	-3.81468	-4.78526	-5.97839	-6.86841	-0.50333	0	0	0	0
20	-8.10458	0	0	0	0	-1.16098	-8.94974	-5.50994	-6.96782	-4.66125	-4.23323	-0.95899	-1.12438	0	0	0	0	0	0	1.10138	1.0122	1.19743	1.10109	1.90856	1.94202	0.5589	2.08297	4.59032	5.44937	9.79063	10.48952	6.6045	5.16776	1.61368	1.59574	3.88833	3.44408	0.26297	-0.60761	-0.60761	0.26297	3.44408	3.88833	1.59574	1.61368	5.16776	6.6045	10.48952	9.79063	5.44937	4.59032	2.08297	0.5589	1.94202	1.90856	1.10109	1.19743	1.0122	1.10138	0	0	0	0	0	0	-1.12438	-0.95899	-4.23323	-4.66125	-6.96782	-5.50994	-8.94974	-1.16098	0	0	0	0
21	-4.67897	0	0	0	0	-0.73065	-5.41259	-5.21859	-4.49506	-3.9515	-1.05768	-0.77263	-0.35773	0	0	0	0	0	0	0	0	0.89688	1.33143	0.74992	-1.67761	-3.04529	-2.97996	2.09282	2.86924	3.42896	-0.01048	4.05584	9.39618	4.13055	4.40804	6.681	6.0228	2.43343	0.83953	0.83953	2.43343	6.0228	6.681	4.40804	4.13055	9.39618	4.05584	-0.01048	3.42896	2.86924	2.09282	-2.97996	-3.04529	-1.67761	0.74992	1.33143	0.89688	0	0	0	0	0	0	0	0	-0.35773	-0.77263	-1.05768	-3.9515	-4.49506	-5.21859	-5.41259	-0.73065	0	0	0	0
22	-5.40099	0	0	0	0	-0.83785	-6.07965	-4.50086	-4.66143	-3.28207	-3.18716	-1.11881	0.16226	0	0	0	1.51699	1.63537	2.39521	2.7124	1.90065	1.78144	0.57198	1.48777	-3.63597	-1.37871	-1.43934	-1.50213	3.00681	6.18464	6.9764	13.96343	7.87058	5.34629	4.23692	4.26583	3.9503	3.29031	3.76859	3.76859	3.29031	3.9503	4.26583	4.23692	5.34629	7.87058	13.96343	6.9764	6.18464	3.00681	-1.50213	-1.43934	-1.37871	-3.63597	1.48777	0.57198	1.78144	1.90065	2.7124	2.39521	1.63537	1.51699	0	0	0	0.16226	-1.11881	-3.18716	-3.28207	-4.66143	-4.50086	-6.07965	-0.83785	0	0	0	0
23	-4.92656	0	0	0	0	-0.75826	-5.47866	-4.06131	-2.98113	-2.83608	-0.8467	-2.12683	-0.36084	-0.66117	0	0	-2.71242	-0.24698	1.44874	1.89815	1.07599	1.73917	0.21169	0.46756	-2.34934	-6.02089	-2.52167	-5.60483	-2.79213	0.02289	6.90624	2.22682	8.90341	4.41585	3.75711	3.72586	3.16491	2.07427	1.61112	1.61112	2.07427	3.16491	3.72586	3.75711	4.41585	8.90341	2.22682	6.90624	0.02289	-2.79213	-5.60483	-2.52167	-6.02089	-2.34934	0.46756	0.21169	1.73917	1.07599	1.89815	1.44874	-0.24698	-2.71242	0	0	-0.66117	-0.36084	-2.12683	-0.8467	-2.83608	-2.98113	-4.06131	-5.47866	-0.75826	0	0	0	0
24	-2.72433	0	0	0	0	-0.33488	-2.96637	-2.38233	-1.93684	-1.42386	-1.03181	-0.51909	0.43902	0	0	0	1.15399	1.48806	1.4431	1.88616	2.11476	1.1417	0.74457	-3.01239	-3.06309	-2.85528	1.48196	2.48767	0.90729	-7.04468	-6.50038	-1.13205	-3.53729	-5.8125	-5.1252	-2.33439	-2.61879	-5.9784	-7.2345	-7.2345	-5.9784	-2.61879	-2.33439	-5.1252	-5.8125	-3.53729	-1.13205	-6.50038	-7.04468	0.90729	2.48767	1.48196	-2.85528	-3.06309	-3.01239	0.74457	1.1417	2.11476	1.88616	1.4431	1.48806	1.15399	0	0	0	0.43902	-0.51909	-1.03181	-1.42386	-1.93684	-2.38233	-2.96637	-0.33488	0	0	0	0
25	-4.39741	0	0	0	0	-0.66712	-4.87237	-3.37318	-1.57778	-2.0867	-2.59341	-5.2339	-4.42092	-2.23991	0	0	-1.51678	1.48113	1.11383	0.74506	1.08521	1.23736	0	0	0	1.65533	0.97467	-0.67174	1.76085	-0.39641	5.45164	-0.95734	4.71024	0.65566	0.07826	0.29601	-0.21081	-1.4422	-1.87845	-1.87845	-1.4422	-0.21081	0.29601	0.07826	0.65566	4.71024	-0.95734	5.45164	-0.39641	1.76085	-0.67174	0.97467	1.65533	0	0	0	1.23736	1.08521	0.74506	1.11383	1.48113	-1.51678	0	0	-2.23991	-4.42092	-5.2339	-2.59341	-2.0867	-1.57778	-3.37318	-4.87237	-0.66712	0	0	0	0
26	-5.73	0	0	0	0	-0.5241	-6.16642	-4.81089	-3.49628	-3.37181	-3.40117	-4.25134	-2.22547	0	0	0	0.34836	0.70975	2.12493	2.26327	1.85121	1.05239	0.35984	0	0.21736	0.25581	-0.57237	0.38276	0.45079	-0.75233	4.52412	5.29431	7.59958	7.84326	8.21511	8.41796	8.44842	8.30649	7.99555	7.99555	8.30649	8.44842	8.41796	8.21511	7.84326	7.59958	5.29431	4.52412	-0.75233	0.45079	0.38276	-0.57237	0.25581	0.21736	0	0.35984	1.05239	1.85121	2.26327	2.12493	0.70975	0.34836	0	0	0	-2.22547	-4.25134	-3.40117	-3.37181	-3.49628	-4.81089	-6.16642	-0.5241	0	0	0	0
27	-4.42742	0	0	0	0	-0.89513	-5.13256	-4.06467	-3.18596	-1.67566	-0.92724	-1.92811	-3.82837	-1.50712	0	0	-2.64711	1.81418	2.45323	2.7563	2.08978	1.86616	0.99605	0	0	0	0	0	0	-1.74993	-1.85257	-0.83808	2.93968	1.55642	1.74018	2.1159	1.94299	1.22146	0.69188	0.69188	1.22146	1.94299	2.1159	1.74018	1.55642	2.93968	-0.83808	-1.85257	-1.74993	0	0	0	0	0	0	0.99605	1.86616	2.08978	2.7563	2.45323	1.81418	-2.64711	0	0	-1.50712	-3.82837	-1.92811	-0.92724	-1.67566	-3.18596	-4.06467	-5.13256	-0.89513	0	0	0	0
28	-2.64886	0	0	0	0	-0.39154	-2.89684	-2.21488	-1.90546	-0.90592	0.53634	-0.60707	0.78655	0.34843	0	0	0	0.76882	0.25913	0	0.04438	0.63922	0	0	-0.48592	-3.50494	-0.97953	-2.14532	-5.28807	-1.30827	-0.69066	-1.89267	0.59952	-0.0776	0.72801	2.33678	2.25215	0.4741	-0.50079	-0.50079	0.4741	2.25215	2.33678	0.72801	-0.0776	0.59952	-1.89267	-0.69066	-1.30827	-5.28807	-2.14532	-0.97953	-3.50494	-0.48592	0	0	0.63922	0.04438	0	0.25913	0.76882	0	0	0	0.34843	0.78655	-0.60707	0.53634	-0.90592	-1.90546	-2.21488	-2.89684	-0.39154	0	0	0	0
29	-5.37385	0	0	0	0	-0.13998	-5.41777	-3.4588	-3.93002	-3.38057	-1.63	-1.13686	0.28298	0.96964	0	0	0	0.75836	0.34984	2.53422	1.29808	2.8014	1.92411	1.54861	0.49643	-0.97189	0	0	-0.44033	-3.57559	-0.19052	-1.53175	4.72073	5.11863	4.6221	5.25604	5.30578	4.77132	5.36732	5.36732	4.77132	5.30578	5.25604	4.6221	5.11863	4.72073	-1.53175	-0.19052	-3.57559	-0.44033	0	0	-0.97189	0.49643	1.54861	1.92411	2.8014	1.29808	2.53422	0.34984	0.75836	0	0	0	0.96964	0.28298	-1.13686	-1.63	-3.38057	-3.93002	-3.4588	-5.41777	-0.13998	0	0	0	0
30	-6.49902	0	0	0	0	0.06464	-6.54923	-5.86501	-4.5658	-4.96806	-3.57091	-1.12469	0.61378	0.63231	0	0	0.68281	0.82938	1.59043	1.06339	2.22437	1.85424	1.29537	0.54821	0	0	0	0	0	-0.91218	-5.14624	-0.55126	3.24005	-0.10853	-0.21658	0.44448	0.02591	-1.4723	-2.20139	-2.20139	-1.4723	0.02591	0.44448	-0.21658	-0.10853	3.24005	-0.55126	-5.14624	-0.91218	0	0	0	0	0	0.54821	1.29537	1.85424	2.22437	1.06339	1.59043	0.82938	0.68281	0	0	0.63231	0.61378	-1.12469	-3.57091	-4.96806	-4.5658	-5.86501	-6.54923	0.06464	0	0	0	0
31	-3.33027	0	0	0	0	-0.22653	-3.43723	-2.81941	-2.37069	1.16702	-2.00489	-0.55013	0.0236	1.60039	0.08641	0	1.5092	0.76748	1.02367	0.70357	0.70239	0.38425	0	-0.96371	-3.04422	-2.47513	-4.29729	-2.80006	0	0	0.00205	2.52434	0.27532	-1.38694	-1.78638	-1.25795	-1.46573	-2.40973	-2.42585	-2.42585	-2.40973	-1.46573	-1.25795	-1.78638	-1.38694	0.27532	2.52434	0.00205	0	0	-2.80006	-4.29729	-2.47513	-3.04422	-0.96371	0	0.38425	0.70239	0.70357	1.02367	0.76748	1.5092	0	0.08641	1.60039	0.0236	-0.55013	-2.00489	1.16702	-2.37069	-2.81941	-3.43723	-0.22653	0	0	0	0
32	-2.79692	0	0	0	0	-0.12817	-2.81508	-2.18666	-1.27673	-0.65694	-1.41482	1.4428	0.55796	0.61239	0	0	0	-0.87203	0	0	0	0	-0.67399	-0.72615	-1.67986	-1.05596	-3.76941	0.07197	-0.15913	1.332	0.87084	1.7385	1.09742	1.52864	1.15673	1.44207	1.49597	1.31844	1.79815	1.79815	1.31844	1.49597	1.44207	1.15673	1.52864	1.09742	1.7385	0.87084	1.332	-0.15913	0.07197	-3.76941	-1.05596	-1.67986	-0.72615	-0.67399	0	0	0	0	-0.87203	0	0	0	0.61239	0.55796	1.4428	-1.41482	-0.65694	-1.27673	-2.18666	-2.81508	-0.12817	0	0	0	0
33	-3.0999	0	0	0	0	-0.45273	-3.40246	-2.81936	-1.56875	-0.28145	-1.86272	0.96934	-0.87038	-1.65515	-0.04824	0	-2.93078	-0.79671	0.15012	1.56684	2.4534	1.29476	0.82805	0.3733	0	0	0	0	-0.12186	0	0	-0.37573	0	-0.16872	-0.48137	1.29902	1.27793	-0.54464	-0.27418	-0.27418	-0.54464	1.27793	1.29902	-0.48137	-0.16872	0	-0.37573	0	0	-0.12186	0	0	0	0	0.3733	0.82805	1.29476	2.4534	1.56684	0.15012	-0.79671	-2.93078	0	-0.04824	-1.65515	-0.87038	0.96934	-1.86272	-0.28145	-1.56875	-2.81936	-3.40246	-0.45273	0	0	0	0
34	-3.69944	0	0	0	0	-0.56449	-4.10118	-3.17455	-2.2574	-2.14428	-1.80603	0.47487	0.49828	0.74334	0.19821	0	-0.24654	-1.53524	-0.30588	1.35351	2.06604	1.26561	0.12596	0.73461	0.79565	-1.03468	-0.29968	0	-1.44264	-1.14926	-3.1049	-0.14217	-6.56478	-6.91387	-7.214	-5.47768	-5.52132	-7.34491	-7.13204	-7.13204	-7.34491	-5.52132	-5.47768	-7.214	-6.91387	-6.56478	-0.14217	-3.1049	-1.14926	-1.44264	0	-0.29968	-1.03468	0.79565	0.73461	0.12596	1.26561	2.06604	1.35351	-0.30588	-1.53524	-0.24654	0	0.19821	0.74334	0.49828	0.47487	-1.80603	-2.14428	-2.2574	-3.17455	-4.10118	-0.56449	0	0	0	0
35	-4.87051	0	0	0	0	0.147	-4.41805	-4.30194	-4.24496	-3.87577	-2.70619	-1.00214	0.86921	-0.05267	0.01332	0	0.46526	0.11802	0	0	0.52516	1.68159	1.01796	1.16978	0.18215	-2.80921	-2.82558	-1.04679	0	-1.92678	0	-2.1357	-0.76889	-4.05752	-3.88865	-3.16154	-3.57262	-5.12188	-6.11291	-6.11291	-5.12188	-3.57262	-3.16154	-3.88865	-4.05752	-0.76889	-2.1357	0	-1.92678	0	-1.04679	-2.82558	-2.80921	0.18215	1.16978	1.01796	1.68159	0.52516	0	0	0.11802	0.46526	0	0.01332	-0.05267	0.86921	-1.00214	-2.70619	-3.87577	-4.24496	-4.30194	-4.41805	0.147	0	0	0	0
36	-3.23097	0	0	0	0	-0.44095	-3.62815	-1.77597	-4.23214	-2.83037	-0.80901	-3.07384	-1.05066	-1.48052	0	0	-0.15485	0.8287	0.7471	0.86146	0.89891	1.32395	0.36433	0.22858	0	0	-1.04403	-1.32783	-1.05577	-0.76014	0	-1.29516	0	0.85228	1.13259	1.12487	1.2314	1.45219	1.38495	1.38495	1.45219	1.2314	1.12487	1.13259	0.85228	0	-1.29516	0	-0.76014	-1.05577	-1.32783	-1.04403	0	0	0.22858	0.36433	1.32395	0.89891	0.86146	0.7471	0.8287	-0.15485	0	0	-1.48052	-1.05066	-3.07384	-0.80901	-2.83037	-4.23214	-1.77597	-3.62815	-0.44095	0	0	0	0
37	-1.60269	0	0	0	0	-0.20844	-1.72732	-0.44263	-1.73923	-1.11109	-1.62554	0.62513	-0.64312	1.38556	1.07779	1.18482	-1.27555	-0.70001	0.8121	1.12963	0	0.23541	0	0	0	0	0	-0.16624	-0.88551	-5.75772	-9.98859	-7.03588	-12.45312	-14.18804	-13.89484	-11.45901	-11.67588	-14.54543	-15.27236	-15.27236	-14.54543	-11.67588	-11.45901	-13.89484	-14.18804	-12.45312	-7.03588	-9.98859	-5.75772	-0.88551	-0.16624	0	0	0	0	0	0.23541	0	1.12963	0.8121	-0.70001	-1.27555	1.18482	1.07779	1.38556	-0.64312	0.62513	-1.62554	-1.11109	-1.73923	-0.44263	-1.72732	-0.20844	0	0	0	0
38	-3.22016	0	0	0	0	0.18306	-2.77271	-1.37797	-3.50421	-2.54366	-1.18261	-1.05663	-1.76941	-0.87946	0	0	0	0.32115	0.47092	1.19498	1.63233	1.8692	1.00007	0.43558	0	0	0	0	0	0	0	0	0	0	0	-0.43141	-0.43141	0	0	0	0	-0.43141	-0.43141	0	0	0	0	0	0	0	0	0	0	0	0.43558	1.00007	1.8692	1.63233	1.19498	0.47092	0.32115	0	0	0	-0.87946	-1.76941	-1.05663	-1.18261	-2.54366	-3.50421	-1.37797	-2.77271	0.18306	0	0	0	0
39	-3.51651	0	0	0	0	0.09945	-3.46239	-3.08505	-2.4183	-2.34479	-1.39566	0.04426	0.51437	0.64665	0.15287	0	0	0.81793	0.57108	0.66391	-1.25312	0.09301	-3.79608	-5.36036	-4.63626	-2.30334	-3.39506	0	-5.04877	-5.61009	-4.5401	-2.15883	-2.33313	-0.47075	0.394	0.7423	0.9751	1.09239	0.69324	0.69324	1.09239	0.9751	0.7423	0.394	-0.47075	-2.33313	-2.15883	-4.5401	-5.61009	-5.04877	0	-3.39506	-2.30334	-4.63626	-5.36036	-3.79608	0.09301	-1.25312	0.66391	0.57108	0.81793	0	0	0.15287	0.64665	0.51437	0.04426	-1.39566	-2.34479	-2.4183	-3.08505	-3.46239	0.09945	0	0	0	0
40	-3.5591	0	0	0	0	0.11159	-3.49665	-3.34624	-2.0903	-0.38145	-3.192	-1.50972	-0.47143	0.31666	0.78266	0	1.71819	-0.19743	0.44483	0	0	0	0.08931	-1.58037	-2.68729	-2.61035	0	0	-1.4333	-0.74032	0	0	-2.99045	-2.95198	-2.71426	-1.71855	-1.71374	-2.69984	-2.92794	-2.92794	-2.69984	-1.71374	-1.71855	-2.71426	-2.95198	-2.99045	0	0	-0.74032	-1.4333	0	0	-2.61035	-2.68729	-1.58037	0.08931	0	0	0	0.44483	-0.19743	1.71819	0	0.78266	0.31666	-0.47143	-1.50972	-3.192	-0.38145	-2.0903	-3.34624	-3.49665	0.11159	0	0	0	0
41	-3.28967	0	0	0	0	0.06989	-3.27669	-4.24296	-2.55808	-5.07109	-3.94001	-3.85629	-0.56545	-1.65264	0.6154	0.07177	1.45169	-0.67921	1.76346	1.16488	0.94904	0.06344	0.07711	0	0	0	0	0	-6.69742	-8.75607	-3.7749	-8.45829	-4.77844	-4.52642	-2.9541	-1.17185	-1.14035	-2.85959	-4.3689	-4.3689	-2.85959	-1.14035	-1.17185	-2.9541	-4.52642	-4.77844	-8.45829	-3.7749	-8.75607	-6.69742	0	0	0	0	0	0.07711	0.06344	0.94904	1.16488	1.76346	-0.67921	1.45169	0.07177	0.6154	-1.65264	-0.56545	-3.85629	-3.94001	-5.07109	-2.55808	-4.24296	-3.27669	0.06989	0	0	0	0
42	-5.57531	0.03756	0.08021	0.02535	0	0	-5.65432	-4.72095	-4.33943	-2.91109	-1.36417	-0.61783	1.33892	1.61667	2.49283	2.65605	2.65083	1.7736	1.40749	0.86023	0.50914	0.16105	0	0	0	0	0	0	0	0	-0.68931	-4.1309	-2.06407	-4.56679	-4.73911	-4.02401	-4.33685	-5.67763	-6.13099	-6.13099	-5.67763	-4.33685	-4.02401	-4.73911	-4.56679	-2.06407	-4.1309	-0.68931	0	0	0	0	0	0	0	0	0.16105	0.50914	0.86023	1.40749	1.7736	2.65083	2.65605	2.49283	1.61667	1.33892	-0.61783	-1.36417	-2.91109	-4.33943	-4.72095	-5.65432	0	0	0.02535	0.08021	0.03756
43	-2.75434	0	0	0	0	-0.08356	-2.85488	-2.05954	-2.54671	-2.41155	-1.32012	-0.56916	-0.19529	0.46885	1.34692	1.02684	1.37732	1.56661	1.01523	1.82799	1.40978	0.64022	0.42886	0	0	0	0	0	0	-1.82229	-0.42781	-3.85816	-8.82595	-10.91683	-11.79155	-11.21169	-11.47305	-12.57564	-12.22363	-12.22363	-12.57564	-11.47305	-11.21169	-11.79155	-10.91683	-8.82595	-3.85816	-0.42781	-1.82229	0	0	0	0	0	0	0.42886	0.64022	1.40978	1.82799	1.01523	1.56661	1.37732	1.02684	1.34692	0.46885	-0.19529	-0.56916	-1.32012	-2.41155	-2.54671	-2.05954	-2.85488	-0.08356	0	0	0	0
44	-3.17448	0	0	0	0	-0.10063	-3.30021	-2.7051	-2.39238	-1.56995	-2.00458	0.56991	-0.18302	0.36536	0.84325	0.82552	1.14035	-0.24927	0.65405	0.89159	0.4053	0.50526	1.6794	0.56613	0	0	0	0	-1.76455	-5.50239	-4.06872	-3.16314	-5.19914	-4.25398	-2.84519	-1.61244	-1.49429	-2.49076	-3.66325	-3.66325	-2.49076	-1.49429	-1.61244	-2.84519	-4.25398	-5.19914	-3.16314	-4.06872	-5.50239	-1.76455	0	0	0	0	0.56613	1.6794	0.50526	0.4053	0.89159	0.65405	-0.24927	1.14035	0.82552	0.84325	0.36536	-0.18302	0.56991	-2.00458	-1.56995	-2.39238	-2.7051	-3.30021	-0.10063	0	0	0	0
45	-0.32703	0	0	0	0	-0.27068	-0.87325	-1.11619	-0.97459	-1.06252	-0.47498	-0.80345	-0.60085	0.23072	0.59421	0	0.64099	0.13603	1.00597	0.35513	0	-0.57218	0	-1.46504	-1.59749	-1.05333	-0.54214	0	0	0	-0.06311	-3.21987	-1.49279	-2.74182	-2.71241	-2.1795	-2.33563	-3.1808	-3.52247	-3.52247	-3.1808	-2.33563	-2.1795	-2.71241	-2.74182	-1.49279	-3.21987	-0.06311	0	0	0	-0.54214	-1.05333	-1.59749	-1.46504	0	-0.57218	0	0.35513	1.00597	0.13603	0.64099	0	0.59421	0.23072	-0.60085	-0.80345	-0.47498	-1.06252	-0.97459	-1.11619	-0.87325	-0.27068	0	0	0	0
