lateral	-37.5	-36.5	-35.5	-34.5	-33.5	-32.5	-31.5	-30.5	-29.5	-28.5	-27.5	-26.5	-25.5	-24.5	-23.5	-22.5	-21.5	-20.5	-19.5	-18.5	-17.5	-16.5	-15.5	-14.5	-13.5	-12.5	-11.5	-10.5	-9.5	-8.5	-7.5	-6.5	-5.5	-4.5	-3.5	-2.5	-1.5	-0.5	0.5	1.5	2.5	3.5	4.5	5.5	6.5	7.5	8.5	9.5	10.5	11.5	12.5	13.5	14.5	15.5	16.5	17.5	18.5	19.5	20.5	21.5	22.5	23.5	24.5	25.5	26.5	27.5	28.5	29.5	30.5	31.5	32.5	33.5	34.5	35.5	36.5	37.5	38.5
DFB	mm	mm	mm	mm	mm	mm	mm	mm	mm	mm	mm	mm	mm	mm	mm	mm	mm	mm	mm	mm	mm	mm	mm	mm	mm	mm	mm	mm	mm	mm	mm	mm	mm	mm	mm	mm	mm	mm	mm	mm	mm	mm	mm	mm	mm	mm	mm	mm	mm	mm	mm	mm	mm	mm	mm	mm	mm	mm	mm	mm	mm	mm	mm	mm	mm	mm	mm	mm	mm	mm	mm	mm	mm	mm	mm	mm	mm
-5	0.48701	0	0	0	0	0	0	0	0	0	0	0	0	0	0	0	0	0	0	0	0	0	0	0	0	0	0	0	0	0	0	0	0	0	0	0	0	0	0	0	0	0	0	0	0	0	0	0	0	0	0	0	0	0	0	0	0	0	0	0	0	0	0	0	0	0	0	0	0	0	0	0	0	0	0	0	0
-4	0.27914	0	0	0	0	0	0	0	0	0	0	0	0	0	0	0	0	0	0	0	0	0	0	0	0	0	0	0	0	0	0	0	0	0	0	0	0	0	0	0	0	0	0	0	0	0	0	0	0	0	0	0	0	0	0	0	0	0	0	0	0	0	0	0	0	0	0	0	0	0	0	0	0	0	0	0	0
-3	0.56887	0	0	0	0	0	0	0	0	0	0	0	0	0	0	0	0	0	0	0	-0.10099	-0.06609	-0.01131	0	0	0	0	0	0	0	0	-0.07308	-0.44214	-0.45698	-0.46958	-0.42653	-0.42838	-0.47515	-0.46626	-0.46626	-0.47515	-0.42838	-0.42653	-0.46958	-0.45698	-0.44214	-0.07308	0	0	0	0	0	0	0	0	-0.01131	-0.06609	-0.10099	0	0	0	0	0	0	0	0	0	0	0	0	0	0	0	0	0	0	0
-2	0.54394	0	0	0	0	0	0	0	0	0	0	0	0	0	0	0	0	0	0	0	-0.16485	0	-0.3153	-0.05609	-0.12475	0	-0.06228	0	-0.26499	0	0	-0.20418	-0.06684	0.05186	0.15772	0.29696	0.3118	0.20223	0.12605	0.12605	0.20223	0.3118	0.29696	0.15772	0.05186	-0.06684	-0.20418	0	0	-0.26499	0	-0.06228	0	-0.12475	-0.05609	-0.3153	0	-0.16485	0	0	0	0	0	0	0	0	0	0	0	0	0	0	0	0	0	0	0
-1	0.10151	0	0	0	0	0	0	0	0	0	0	0	0	0	0	0	0	-0.0885	-0.33873	-0.17089	-0.41102	-0.14629	0.10114	0.17727	0.30635	0.08078	0.11962	0.28449	-0.18149	0.03006	-0.37029	-0.46499	-0.35446	-0.25184	-0.13956	0.01575	0.02857	-0.10107	-0.1877	-0.1877	-0.10107	0.02857	0.01575	-0.13956	-0.25184	-0.35446	-0.46499	-0.37029	0.03006	-0.18149	0.28449	0.11962	0.08078	0.30635	0.17727	0.10114	-0.14629	-0.41102	-0.17089	-0.33873	-0.0885	0	0	0	0	0	0	0	0	0	0	0	0	0	0	0	0
0	0.27451	0	0	0	0	0	0	0	0	0	0	0	0	0	-0.15328	-0.2017	-0.57064	-0.32519	-0.26284	-0.23418	-0.01452	0.25576	0.45469	0.47554	0.68629	0.31632	0.4176	0.11039	0.30354	-0.02819	0.15959	0.25395	0.6616	0.8085	0.85628	0.78049	0.79885	0.91137	0.90031	0.90031	0.91137	0.79885	0.78049	0.85628	0.8085	0.6616	0.25395	0.15959	-0.02819	0.30354	0.11039	0.4176	0.31632	0.68629	0.47554	0.45469	0.25576	-0.01452	-0.23418	-0.26284	-0.32519	-0.57064	-0.2017	-0.15328	0	0	0	0	0	0	0	0	0	0	0	0	0
1	0.45634	0	0	0	0	0	0	0	-0.00351	-0.02285	0.03251	0.03448	0.11317	0.0539	-0.07859	0.14785	0.01756	-0.19089	-0.12335	-0.11403	0.30849	0.46979	0.71159	0.73082	1.01857	1.03844	1.21074	1.25367	1.32202	0.97042	1.11981	0.86869	1.50422	1.51266	1.59015	1.6231	1.62416	1.59331	1.51794	1.51794	1.59331	1.62416	1.6231	1.59015	1.51266	1.50422	0.86869	1.11981	0.97042	1.32202	1.25367	1.21074	1.03844	1.01857	0.73082	0.71159	0.46979	0.30849	-0.11403	-0.12335	-0.19089	0.01756	0.14785	-0.07859	0.0539	0.11317	0.03448	0.03251	-0.02285	-0.00351	0	0	0	0	0	0	0
2	-0.37668	0	0	0	0	0	0	0	0	-0.08572	-0.30879	0.14602	0.17487	0.26501	0.19036	0.10765	0.29448	0.4224	0.4801	0.50541	0.66072	0.99123	1.50478	2.01884	2.51737	2.97933	3.27158	3.65884	4.12674	4.27974	4.11563	4.36786	4.70243	4.76339	4.83292	4.86628	4.8739	4.85578	4.80149	4.80149	4.85578	4.8739	4.86628	4.83292	4.76339	4.70243	4.36786	4.11563	4.27974	4.12674	3.65884	3.27158	2.97933	2.51737	2.01884	1.50478	0.99123	0.66072	0.50541	0.4801	0.4224	0.29448	0.10765	0.19036	0.26501	0.17487	0.14602	-0.30879	-0.08572	0	0	0	0	0	0	0	0
3	-0.37226	0	0	0	0	0	0	0	0.31623	-0.01573	0.04732	-0.11908	0.19726	0.33896	0.44507	0.51319	0.56228	0.86655	1.23536	2.03864	2.75057	3.66967	4.66655	5.52834	6.83334	6.92702	7.43121	8.17635	7.80351	8.03456	8.13188	8.83995	8.72498	9.07489	9.23692	9.36232	9.40606	9.36814	9.29358	9.29358	9.36814	9.40606	9.36232	9.23692	9.07489	8.72498	8.83995	8.13188	8.03456	7.80351	8.17635	7.43121	6.92702	6.83334	5.52834	4.66655	3.66967	2.75057	2.03864	1.23536	0.86655	0.56228	0.51319	0.44507	0.33896	0.19726	-0.11908	0.04732	-0.01573	0.31623	0	0	0	0	0	0	0
4	0.44596	0	0	0	0	0	0	-0.20966	0.01324	-0.06967	0.04016	0.03208	0.20286	0.38641	0.78037	1.12815	1.65203	2.64873	3.40449	4.97498	6.2056	7.35014	8.79473	10.24477	11.72805	12.75393	13.26627	14.47625	14.94826	15.11697	15.32046	15.68769	14.77592	14.65047	14.40758	14.17442	14.15874	14.36054	14.57206	14.57206	14.36054	14.15874	14.17442	14.40758	14.65047	14.77592	15.68769	15.32046	15.11697	14.94826	14.47625	13.26627	12.75393	11.72805	10.24477	8.79473	7.35014	6.2056	4.97498	3.40449	2.64873	1.65203	1.12815	0.78037	0.38641	0.20286	0.03208	0.04016	-0.06967	0.01324	-0.20966	0	0	0	0	0	0
5	1.13841	0	0	0	0	0	0	-0.22485	-0.20787	-0.07371	0.19544	0.15813	0.41819	0.52902	1.31306	2.49139	3.72396	5.40377	7.48807	9.31971	11.57778	14.02462	15.62052	17.43449	18.40212	19.18532	19.56252	20.06366	19.3035	19.95361	19.80661	19.1483	19.84069	19.99113	20.03248	19.94016	19.95894	20.08882	20.08523	20.08523	20.08882	19.95894	19.94016	20.03248	19.99113	19.84069	19.1483	19.80661	19.95361	19.3035	20.06366	19.56252	19.18532	18.40212	17.43449	15.62052	14.02462	11.57778	9.31971	7.48807	5.40377	3.72396	2.49139	1.31306	0.52902	0.41819	0.15813	0.19544	-0.07371	-0.20787	-0.22485	0	0	0	0	0	0
6	1.1009	0	0	0	0	0	0	-0.27731	-0.10909	-0.12899	0.02374	0.29952	0.69027	1.6347	2.53103	4.71971	6.68029	9.35238	12.01033	15.12644	17.08781	19.45978	20.9685	22.4967	23.2751	24.011	23.8515	25.1913	24.066	24.542	24.0803	24.7486	23.0848	23.0957	22.7523	22.37614	22.37753	22.7563	23.1025	23.1025	22.7563	22.37753	22.37614	22.7523	23.0957	23.0848	24.7486	24.0803	24.542	24.066	25.1913	23.8515	24.011	23.2751	22.4967	20.9685	19.45978	17.08781	15.12644	12.01033	9.35238	6.68029	4.71971	2.53103	1.6347	0.69027	0.29952	0.02374	-0.12899	-0.10909	-0.27731	0	0	0	0	0	0
7	0.3588	-0.11622	-0.19532	0	0	0	-0.07754	0.01217	0.00442	0.16661	0.43334	0.90807	1.66175	3.11447	4.39244	7.10027	9.72089	13.21407	16.03468	18.92776	21.7061	23.7467	25.1109	25.7789	26.011	25.8554	25.1887	25.5833	25.0003	25.2638	23.8794	24.1568	23.741	23.3237	22.9932	22.66003	22.6079	22.8367	23.0629	23.0629	22.8367	22.6079	22.66003	22.9932	23.3237	23.741	24.1568	23.8794	25.2638	25.0003	25.5833	25.1887	25.8554	26.011	25.7789	25.1109	23.7467	21.7061	18.92776	16.03468	13.21407	9.72089	7.10027	4.39244	3.11447	1.66175	0.90807	0.43334	0.16661	0.00442	0.01217	-0.07754	0	0	0	-0.19532	-0.11622
8	0.1644	-0.22626	-0.22279	0	0	0	0.05585	0.31255	0.33221	0.42566	0.81215	1.28325	2.06189	4.13944	6.66106	9.31077	12.03239	15.15285	18.20055	20.5532	22.9369	24.2786	24.9491	24.8602	24.6468	25.1541	25.0986	24.4995	24.3855	23.9794	23.5295	22.94	23.36831	22.73439	22.42624	22.1174	22.03822	22.18851	22.3382	22.3382	22.18851	22.03822	22.1174	22.42624	22.73439	23.36831	22.94	23.5295	23.9794	24.3855	24.4995	25.0986	25.1541	24.6468	24.8602	24.9491	24.2786	22.9369	20.5532	18.20055	15.15285	12.03239	9.31077	6.66106	4.13944	2.06189	1.28325	0.81215	0.42566	0.33221	0.31255	0.05585	0	0	0	-0.22279	-0.22626
9	-0.45082	-0.14147	-0.16889	-0.12743	-0.06911	0.03289	0.18591	0.30359	0.55075	0.92196	1.00533	2.33528	3.63677	5.83437	8.01358	10.51145	13.37645	16.07303	18.48517	19.97711	21.31154	21.10632	21.08134	21.67225	21.32687	21.87205	21.68129	21.84688	23.10724	22.89081	22.85967	22.85386	22.80018	22.21197	21.79164	21.28883	21.2153	21.57106	21.84444	21.84444	21.57106	21.2153	21.28883	21.79164	22.21197	22.80018	22.85386	22.85967	22.89081	23.10724	21.84688	21.68129	21.87205	21.32687	21.67225	21.08134	21.10632	21.31154	19.97711	18.48517	16.07303	13.37645	10.51145	8.01358	5.83437	3.63677	2.33528	1.00533	0.92196	0.55075	0.30359	0.18591	0.03289	-0.06911	-0.12743	-0.16889	-0.14147
10	0.02405	0.18691	0.09029	0.01795	-0.03074	-0.01855	0.07716	0.27535	0.5462	0.83377	1.54855	2.82459	4.50527	6.3531	8.76466	10.80207	12.7802	14.74384	15.57729	16.60754	16.96602	17.4829	18.08013	18.75126	19.07011	19.92108	20.55909	21.12911	21.62935	21.48915	20.81606	20.76032	20.67361	20.45158	20.18515	19.81681	19.78908	20.10197	20.31283	20.31283	20.10197	19.78908	19.81681	20.18515	20.45158	20.67361	20.76032	20.81606	21.48915	21.62935	21.12911	20.55909	19.92108	19.07011	18.75126	18.08013	17.4829	16.96602	16.60754	15.57729	14.74384	12.7802	10.80207	8.76466	6.3531	4.50527	2.82459	1.54855	0.83377	0.5462	0.27535	0.07716	-0.01855	-0.03074	0.01795	0.09029	0.18691
11	-0.38594	0.47474	0.35845	0.30426	0.21673	0.1775	0.2159	0.4265	0.48785	1.07817	1.73685	2.98221	4.51747	6.29222	8.39186	10.15332	11.61631	12.58387	13.46621	13.87011	14.41285	14.96889	15.13684	16.18604	16.82468	17.50964	19.25048	19.18532	19.38036	20.08871	19.93044	19.60863	20.26458	19.83448	19.60266	19.27513	19.22137	19.44137	19.56567	19.56567	19.44137	19.22137	19.27513	19.60266	19.83448	20.26458	19.60863	19.93044	20.08871	19.38036	19.18532	19.25048	17.50964	16.82468	16.18604	15.13684	14.96889	14.41285	13.87011	13.46621	12.58387	11.61631	10.15332	8.39186	6.29222	4.51747	2.98221	1.73685	1.07817	0.48785	0.4265	0.2159	0.1775	0.21673	0.30426	0.35845	0.47474
12	-0.03244	0.24411	0.12793	0.04642	-0.01334	-0.00215	0.10734	0.29368	0.51903	1.49029	2.41306	3.57926	4.92722	6.38301	7.77323	8.96598	9.80748	10.91891	11.83141	12.06365	12.68141	13.23781	14.00045	14.85835	15.58369	16.55423	17.02513	17.61129	18.15877	19.04576	18.83192	18.68406	18.67491	18.38504	18.15024	17.86641	17.83017	18.04154	18.20387	18.20387	18.04154	17.83017	17.86641	18.15024	18.38504	18.67491	18.68406	18.83192	19.04576	18.15877	17.61129	17.02513	16.55423	15.58369	14.85835	14.00045	13.23781	12.68141	12.06365	11.83141	10.91891	9.80748	8.96598	7.77323	6.38301	4.92722	3.57926	2.41306	1.49029	0.51903	0.29368	0.10734	-0.00215	-0.01334	0.04642	0.12793	0.24411
13	-0.32923	0.28502	0.22567	0.16985	0.11493	0.12427	0.23141	0.61306	0.907	1.41517	2.43154	3.46306	4.67946	5.84105	7.03033	7.89265	8.99386	9.1828	9.89843	10.49248	10.95505	11.92501	12.90518	13.81022	15.1855	15.22521	16.7589	17.02817	17.74016	16.9285	17.08879	17.49317	16.97713	17.0071	16.81449	16.50968	16.51344	16.82574	17.02584	17.02584	16.82574	16.51344	16.50968	16.81449	17.0071	16.97713	17.49317	17.08879	16.9285	17.74016	17.02817	16.7589	15.22521	15.1855	13.81022	12.90518	11.92501	10.95505	10.49248	9.89843	9.1828	8.99386	7.89265	7.03033	5.84105	4.67946	3.46306	2.43154	1.41517	0.907	0.61306	0.23141	0.12427	0.11493	0.16985	0.22567	0.28502
14	-0.1869	0.45732	0.36645	0.32504	0.27311	0.27902	0.37147	0.59102	1.05408	1.53613	2.47446	3.32358	4.59967	5.51707	6.30594	7.22928	7.83789	8.4653	8.90332	9.79974	10.31362	10.95218	12.18628	13.02332	14.21386	15.09758	15.26748	16.19567	16.55125	16.84226	16.541	16.54831	15.18435	14.92795	14.64166	14.50976	14.4777	14.54551	14.76771	14.76771	14.54551	14.4777	14.50976	14.64166	14.92795	15.18435	16.54831	16.541	16.84226	16.55125	16.19567	15.26748	15.09758	14.21386	13.02332	12.18628	10.95218	10.31362	9.79974	8.90332	8.4653	7.83789	7.22928	6.30594	5.51707	4.59967	3.32358	2.47446	1.53613	1.05408	0.59102	0.37147	0.27902	0.27311	0.32504	0.36645	0.45732
15	-0.30077	0.12614	0.1105	0.15764	0.2171	0.32824	0.50553	0.83679	0.99471	1.60944	2.3336	3.27056	4.25708	5.13328	5.78283	6.69632	7.26999	8.14933	8.64851	9.10901	9.84827	11.05532	11.56229	12.79462	13.37468	13.68248	14.12346	14.67014	14.96414	15.43774	15.51056	14.93033	15.9011	15.60844	15.30129	14.69047	14.65388	15.19154	15.42553	15.42553	15.19154	14.65388	14.69047	15.30129	15.60844	15.9011	14.93033	15.51056	15.43774	14.96414	14.67014	14.12346	13.68248	13.37468	12.79462	11.56229	11.05532	9.84827	9.10901	8.64851	8.14933	7.26999	6.69632	5.78283	5.13328	4.25708	3.27056	2.3336	1.60944	0.99471	0.83679	0.50553	0.32824	0.2171	0.15764	0.1105	0.12614
16	-0.59491	0.16598	0.15838	0.24491	0.32311	0.45023	0.64114	1.04108	1.23247	1.84442	2.56804	3.28986	4.20425	4.67143	5.47185	6.07826	6.71912	7.16089	8.08486	8.66324	9.59176	10.41689	11.34932	12.30969	12.57648	12.68506	13.33972	13.65906	13.85634	14.05962	14.10596	14.04319	14.73521	14.58406	14.46918	14.19359	14.17469	14.41251	14.4896	14.4896	14.41251	14.17469	14.19359	14.46918	14.58406	14.73521	14.04319	14.10596	14.05962	13.85634	13.65906	13.33972	12.68506	12.57648	12.30969	11.34932	10.41689	9.59176	8.66324	8.08486	7.16089	6.71912	6.07826	5.47185	4.67143	4.20425	3.28986	2.56804	1.84442	1.23247	1.04108	0.64114	0.45023	0.32311	0.24491	0.15838	0.16598
17	-0.51591	0.17879	0.19047	0.2866	0.375	0.50592	0.69189	1.01701	1.41174	1.82701	2.15411	3.01045	3.57267	4.28641	5.26512	5.85502	6.68204	7.46793	7.91645	9.06923	9.90287	10.58919	11.34139	12.01981	12.40438	13.005	13.12355	13.45773	13.46576	13.5163	12.97365	13.67566	13.65999	13.68376	13.50641	13.11608	13.11906	13.51531	13.69861	13.69861	13.51531	13.11906	13.11608	13.50641	13.68376	13.65999	13.67566	12.97365	13.5163	13.46576	13.45773	13.12355	13.005	12.40438	12.01981	11.34139	10.58919	9.90287	9.06923	7.91645	7.46793	6.68204	5.85502	5.26512	4.28641	3.57267	3.01045	2.15411	1.82701	1.41174	1.01701	0.69189	0.50592	0.375	0.2866	0.19047	0.17879
18	-0.23258	0.06829	0.06504	0.12048	0.20108	0.33745	0.54245	0.88304	1.1718	1.95718	2.61753	3.02227	3.68679	4.18311	5.12953	5.92762	6.19664	7.18233	7.87867	8.54863	9.64924	10.9616	11.2677	12.02343	12.51196	12.28192	13.08977	13.01339	12.80967	13.11275	12.88483	12.79708	13.69539	13.64178	13.50137	13.0785	13.0718	13.48127	13.60827	13.60827	13.48127	13.0718	13.0785	13.50137	13.64178	13.69539	12.79708	12.88483	13.11275	12.80967	13.01339	13.08977	12.28192	12.51196	12.02343	11.2677	10.9616	9.64924	8.54863	7.87867	7.18233	6.19664	5.92762	5.12953	4.18311	3.68679	3.02227	2.61753	1.95718	1.1718	0.88304	0.54245	0.33745	0.20108	0.12048	0.06504	0.06829
19	0.02979	0.05118	0.06646	0.11136	0.19538	0.32998	0.52495	0.75501	1.20934	1.47142	2.39737	2.84327	3.70115	4.28487	5.21063	5.6801	6.21444	6.90486	7.62044	8.33655	9.20031	10.08923	11.10073	11.23393	12.06986	12.75364	13.08944	13.28805	13.47829	13.35514	13.55995	13.32083	13.68826	13.44491	13.33129	13.18517	13.15475	13.24003	13.29282	13.29282	13.24003	13.15475	13.18517	13.33129	13.44491	13.68826	13.32083	13.55995	13.35514	13.47829	13.28805	13.08944	12.75364	12.06986	11.23393	11.10073	10.08923	9.20031	8.33655	7.62044	6.90486	6.21444	5.6801	5.21063	4.28487	3.70115	2.84327	2.39737	1.47142	1.20934	0.75501	0.52495	0.32998	0.19538	0.11136	0.06646	0.05118
20	0.08805	0.362	0.34395	0.34102	0.34177	0.379	0.4697	0.56762	0.92234	1.43203	1.71823	2.36887	3.26237	3.91939	4.72113	5.80585	6.34653	7.19539	8.31045	8.90667	9.69562	10.46796	11.0228	12.24351	12.57803	12.90194	13.24598	13.54019	13.21982	13.63993	13.86849	13.4222	13.27989	13.43376	13.42931	13.39091	13.41015	13.48701	13.52993	13.52993	13.48701	13.41015	13.39091	13.42931	13.43376	13.27989	13.4222	13.86849	13.63993	13.21982	13.54019	13.24598	12.90194	12.57803	12.24351	11.0228	10.46796	9.69562	8.90667	8.31045	7.19539	6.34653	5.80585	4.72113	3.91939	3.26237	2.36887	1.71823	1.43203	0.92234	0.56762	0.4697	0.379	0.34177	0.34102	0.34395	0.362
21	-0.37778	-0.07594	-0.00872	0.12554	0.27768	0.46219	0.67942	0.91526	1.27	1.51135	1.92025	2.34502	2.95293	4.05085	4.67316	5.62968	6.39323	7.20644	8.01221	8.94546	10.07166	11.0302	11.58183	12.4893	13.02941	13.65386	13.79628	14.28398	14.11415	13.65174	13.44352	13.41508	13.46463	13.277	13.1961	13.14449	13.12103	13.12573	13.15972	13.15972	13.12573	13.12103	13.14449	13.1961	13.277	13.46463	13.41508	13.44352	13.65174	14.11415	14.28398	13.79628	13.65386	13.02941	12.4893	11.58183	11.0302	10.07166	8.94546	8.01221	7.20644	6.39323	5.62968	4.67316	4.05085	2.95293	2.34502	1.92025	1.51135	1.27	0.91526	0.67942	0.46219	0.27768	0.12554	-0.00872	-0.07594
22	-0.12247	-0.09317	-0.00386	0.12634	0.29064	0.48497	0.70694	0.9564	1.05839	1.37828	2.03885	2.20009	3.14626	3.71817	4.63368	5.39135	6.26273	7.2882	8.21222	9.12649	9.77145	10.6643	11.68832	12.35573	13.22744	13.28599	14.07836	14.39878	14.48978	15.01222	14.88768	14.18664	14.14856	14.00206	13.92517	13.91282	13.89451	13.87023	13.9105	13.9105	13.87023	13.89451	13.91282	13.92517	14.00206	14.14856	14.18664	14.88768	15.01222	14.48978	14.39878	14.07836	13.28599	13.22744	12.35573	11.68832	10.6643	9.77145	9.12649	8.21222	7.2882	6.26273	5.39135	4.63368	3.71817	3.14626	2.20009	2.03885	1.37828	1.05839	0.9564	0.70694	0.48497	0.29064	0.12634	-0.00386	-0.09317
23	-0.5905	0.4113	0.42303	0.44281	0.4151	0.41087	0.4561	0.8136	0.77224	1.1459	1.74951	2.00205	2.6843	3.62881	4.12039	5.19959	6.17453	7.13218	7.83896	9.18013	10.0292	11.17601	12.25169	12.59949	13.32212	13.68195	14.1262	14.46811	15.06335	15.05331	15.14234	15.15184	15.42554	15.39192	15.35781	15.26737	15.26317	15.34521	15.3709	15.3709	15.34521	15.26317	15.26737	15.35781	15.39192	15.42554	15.15184	15.14234	15.05331	15.06335	14.46811	14.1262	13.68195	13.32212	12.59949	12.25169	11.17601	10.0292	9.18013	7.83896	7.13218	6.17453	5.19959	4.12039	3.62881	2.6843	2.00205	1.74951	1.1459	0.77224	0.8136	0.4561	0.41087	0.4151	0.44281	0.42303	0.4113
24	-0.57461	0.03373	0.07772	0.20022	0.30786	0.43417	0.5815	0.7917	0.84082	1.26964	1.3423	2.03766	2.57606	3.27025	4.03574	4.82823	5.61882	6.57273	7.55355	8.7097	10.10155	11.01254	12.28935	13.55836	14.16872	14.5145	14.83123	15.28614	15.42826	15.80011	15.55554	15.69334	16.53459	16.43478	16.34339	16.05047	16.03799	16.30596	16.37241	16.37241	16.30596	16.03799	16.05047	16.34339	16.43478	16.53459	15.69334	15.55554	15.80011	15.42826	15.28614	14.83123	14.5145	14.16872	13.55836	12.28935	11.01254	10.10155	8.7097	7.55355	6.57273	5.61882	4.82823	4.03574	3.27025	2.57606	2.03766	1.3423	1.26964	0.84082	0.7917	0.5815	0.43417	0.30786	0.20022	0.07772	0.03373
25	-0.40779	0.1601	0.14861	0.19676	0.22871	0.28626	0.37965	0.54332	0.58737	1.1856	1.46445	1.92867	2.36751	3.06656	3.71369	4.77658	5.64418	6.44957	7.80738	8.60593	10.0159	11.02873	12.25631	12.85665	13.69775	14.3196	14.92211	15.68379	15.28782	15.88483	16.24792	16.15748	16.53599	16.55026	16.52547	16.40318	16.40497	16.53081	16.55917	16.55917	16.53081	16.40497	16.40318	16.52547	16.55026	16.53599	16.15748	16.24792	15.88483	15.28782	15.68379	14.92211	14.3196	13.69775	12.85665	12.25631	11.02873	10.0159	8.60593	7.80738	6.44957	5.64418	4.77658	3.71369	3.06656	2.36751	1.92867	1.46445	1.1856	0.58737	0.54332	0.37965	0.28626	0.22871	0.19676	0.14861	0.1601
26	0.46604	0.07202	0.06477	0.03513	0.05698	0.11942	0.23122	0.34036	0.76754	1.03996	1.05969	1.68691	2.29879	2.57006	3.13151	4.35447	5.35399	6.12168	7.03173	8.20761	9.36167	10.65151	11.53103	13.14301	13.79512	13.96681	15.32144	15.92332	16.53724	16.24613	16.13225	16.11426	16.0802	16.04424	15.92458	15.73557	15.73108	15.91109	16.02177	16.02177	15.91109	15.73108	15.73557	15.92458	16.04424	16.0802	16.11426	16.13225	16.24613	16.53724	15.92332	15.32144	13.96681	13.79512	13.14301	11.53103	10.65151	9.36167	8.20761	7.03173	6.12168	5.35399	4.35447	3.13151	2.57006	2.29879	1.68691	1.05969	1.03996	0.76754	0.34036	0.23122	0.11942	0.05698	0.03513	0.06477	0.07202
27	-0.17852	0.12199	0.09404	0.10293	0.11505	0.15998	0.24913	0.51846	0.58596	0.87905	1.20989	1.67186	2.17761	2.5684	3.26586	3.81038	4.41937	5.26284	6.52642	7.40831	8.65879	9.92334	11.30623	12.58518	13.72731	14.35492	15.07197	15.31098	15.4553	15.58473	15.82855	15.74725	16.15507	16.29653	16.35223	16.31754	16.33522	16.40528	16.38494	16.38494	16.40528	16.33522	16.31754	16.35223	16.29653	16.15507	15.74725	15.82855	15.58473	15.4553	15.31098	15.07197	14.35492	13.72731	12.58518	11.30623	9.92334	8.65879	7.40831	6.52642	5.26284	4.41937	3.81038	3.26586	2.5684	2.17761	1.67186	1.20989	0.87905	0.58596	0.51846	0.24913	0.15998	0.11505	0.10293	0.09404	0.12199
28	-0.0918	0.12906	0.12723	0.14872	0.17071	0.21275	0.28209	0.33877	0.6215	0.75631	1.00843	1.33368	1.53358	2.15873	2.77129	3.5409	4.32817	5.12224	6.01307	6.8531	8.3253	9.05967	10.46016	11.0163	12.17748	12.99368	13.75902	14.89075	15.60819	15.56805	15.76323	16.13703	16.37082	16.14968	15.91702	15.5246	15.49696	15.8341	16.01147	16.01147	15.8341	15.49696	15.5246	15.91702	16.14968	16.37082	16.13703	15.76323	15.56805	15.60819	14.89075	13.75902	12.99368	12.17748	11.0163	10.46016	9.05967	8.3253	6.8531	6.01307	5.12224	4.32817	3.5409	2.77129	2.15873	1.53358	1.33368	1.00843	0.75631	0.6215	0.33877	0.28209	0.21275	0.17071	0.14872	0.12723	0.12906
29	-0.36167	0.06142	0.02632	0.04119	0.04671	0.07711	0.14158	0.39579	0.37205	0.59159	0.89962	1.37298	1.5016	2.08636	2.55738	3.13926	3.81333	4.22047	5.03537	6.22068	7.02735	7.86516	9.15912	10.41738	11.36756	12.27616	13.34125	13.7651	14.49467	14.65212	15.1828	15.37703	14.99977	14.89304	14.65041	14.29969	14.28635	14.61038	14.82633	14.82633	14.61038	14.28635	14.29969	14.65041	14.89304	14.99977	15.37703	15.1828	14.65212	14.49467	13.7651	13.34125	12.27616	11.36756	10.41738	9.15912	7.86516	7.02735	6.22068	5.03537	4.22047	3.81333	3.13926	2.55738	2.08636	1.5016	1.37298	0.89962	0.59159	0.37205	0.39579	0.14158	0.07711	0.04671	0.04119	0.02632	0.06142
30	0.02383	-0.02398	0.01733	0.06801	0.13588	0.21562	0.30607	0.32565	0.45588	0.63523	0.82818	1.10974	1.2056	1.80559	1.94589	2.68179	2.82691	3.77053	4.42451	5.14333	6.17342	7.30536	8.18999	9.16339	10.17636	11.2847	11.63411	12.77359	12.99727	13.15635	13.48833	13.07421	13.46048	13.2012	13.0768	12.92577	12.89336	12.97958	13.03916	13.03916	12.97958	12.89336	12.92577	13.0768	13.2012	13.46048	13.07421	13.48833	13.15635	12.99727	12.77359	11.63411	11.2847	10.17636	9.16339	8.18999	7.30536	6.17342	5.14333	4.42451	3.77053	2.82691	2.68179	1.94589	1.80559	1.2056	1.10974	0.82818	0.63523	0.45588	0.32565	0.30607	0.21562	0.13588	0.06801	0.01733	-0.02398
31	-0.18028	0.10989	0.10207	0.11851	0.12146	0.13188	0.15473	0.20618	0.13431	0.39446	0.55267	0.8595	0.89534	1.49274	1.52963	2.27762	2.72953	2.97471	3.62052	4.3794	5.04439	5.90351	6.84351	7.91484	9.01817	9.82079	10.30482	11.91717	12.01304	12.12339	12.19567	12.52158	12.4424	12.25441	12.03575	11.71161	11.6881	11.96524	12.13692	12.13692	11.96524	11.6881	11.71161	12.03575	12.25441	12.4424	12.52158	12.19567	12.12339	12.01304	11.91717	10.30482	9.82079	9.01817	7.91484	6.84351	5.90351	5.04439	4.3794	3.62052	2.97471	2.72953	2.27762	1.52963	1.49274	0.89534	0.8595	0.55267	0.39446	0.13431	0.20618	0.15473	0.13188	0.12146	0.11851	0.10207	0.10989
32	-0.54284	0.16392	0.13913	0.17274	0.16239	0.15412	0.1549	0.27469	0.05992	0.39166	0.43445	0.83072	0.90049	1.07826	1.18019	1.77992	1.85955	2.38415	2.73087	3.4715	4.02338	5.07183	5.93471	7.10707	7.74443	8.20639	8.83698	9.65693	10.14359	9.89286	10.24482	10.41839	10.59147	10.77489	10.80422	10.72446	10.74738	10.87301	10.88953	10.88953	10.87301	10.74738	10.72446	10.80422	10.77489	10.59147	10.41839	10.24482	9.89286	10.14359	9.65693	8.83698	8.20639	7.74443	7.10707	5.93471	5.07183	4.02338	3.4715	2.73087	2.38415	1.85955	1.77992	1.18019	1.07826	0.90049	0.83072	0.43445	0.39166	0.05992	0.27469	0.1549	0.15412	0.16239	0.17274	0.13913	0.16392
33	-0.19176	0.08623	0.07466	0.08842	0.09026	0.10064	0.12438	0.25414	0.24434	0.26381	0.46633	0.60199	0.72621	0.90986	1.0423	1.38694	1.38421	1.82264	2.24486	2.63382	3.12568	4.15005	4.77141	5.93647	6.37745	6.94017	7.50987	8.29347	8.23036	8.70009	8.79669	8.43817	8.76035	8.87441	8.92344	8.92407	8.93833	8.96621	8.94569	8.94569	8.96621	8.93833	8.92407	8.92344	8.87441	8.76035	8.43817	8.79669	8.70009	8.23036	8.29347	7.50987	6.94017	6.37745	5.93647	4.77141	4.15005	3.12568	2.63382	2.24486	1.82264	1.38421	1.38694	1.0423	0.90986	0.72621	0.60199	0.46633	0.26381	0.24434	0.25414	0.12438	0.10064	0.09026	0.08842	0.07466	0.08623
34	-0.00177	-0.01121	-0.00549	0.00378	0.01814	0.03721	0.0612	0.04018	0.12583	0.23898	0.15506	0.4268	0.52274	0.62824	0.87265	1.29864	1.11008	1.38745	1.64799	2.25225	2.63929	3.09585	3.70769	4.54737	4.9097	5.31153	5.94827	6.51925	6.3525	6.60372	7.20109	7.43465	7.59702	7.64378	7.57895	7.37389	7.37974	7.59648	7.67301	7.67301	7.59648	7.37974	7.37389	7.57895	7.64378	7.59702	7.43465	7.20109	6.60372	6.3525	6.51925	5.94827	5.31153	4.9097	4.54737	3.70769	3.09585	2.63929	2.25225	1.64799	1.38745	1.11008	1.29864	0.87265	0.62824	0.52274	0.4268	0.15506	0.23898	0.12583	0.04018	0.0612	0.03721	0.01814	0.00378	-0.00549	-0.01121
35	0.06929	-0.0542	-0.03841	-0.02583	4.583E-4	0.03172	0.06637	0.08563	0.13977	0.06557	0.15287	0.50891	0.48735	0.54114	0.50879	0.8602	0.7492	0.91355	1.06806	1.58844	1.79642	2.5659	2.9077	3.83495	3.9653	4.24661	4.37396	5.06387	4.57003	5.29441	5.3491	5.5767	5.56682	5.72231	5.75076	5.71914	5.73857	5.80907	5.81949	5.81949	5.80907	5.73857	5.71914	5.75076	5.72231	5.56682	5.5767	5.3491	5.29441	4.57003	5.06387	4.37396	4.24661	3.9653	3.83495	2.9077	2.5659	1.79642	1.58844	1.06806	0.91355	0.7492	0.8602	0.50879	0.54114	0.48735	0.50891	0.15287	0.06557	0.13977	0.08563	0.06637	0.03172	4.583E-4	-0.02583	-0.03841	-0.0542
36	0.11717	-0.26865	-0.19655	-0.13062	-0.02796	0.07644	0.13714	0.0858	0.32968	0.3103	0.02472	0.22968	0.26358	0.3476	0.45351	0.48883	0.61678	1.01731	0.91069	1.23273	1.49804	1.92787	2.15695	2.58787	2.75747	3.21642	3.30724	3.67914	3.58371	4.12524	3.76466	4.30311	4.44521	4.55367	4.63628	4.69495	4.70851	4.67695	4.62146	4.62146	4.67695	4.70851	4.69495	4.63628	4.55367	4.44521	4.30311	3.76466	4.12524	3.58371	3.67914	3.30724	3.21642	2.75747	2.58787	2.15695	1.92787	1.49804	1.23273	0.91069	1.01731	0.61678	0.48883	0.45351	0.3476	0.26358	0.22968	0.02472	0.3103	0.32968	0.0858	0.13714	0.07644	-0.02796	-0.13062	-0.19655	-0.26865
37	0.5713	-0.28882	-0.19759	-0.15996	-0.05794	0.04412	0.13206	-0.08296	0.14159	0.12187	0.21956	0.30084	0.31977	0.28152	0.40151	0.47924	0.59146	0.60079	0.46717	0.49835	0.77703	1.08436	1.40939	2.04338	2.23968	2.44306	2.51404	2.8632	2.59704	2.75797	2.46367	2.92496	2.90534	3.21696	3.40114	3.58362	3.62257	3.518	3.41173	3.41173	3.518	3.62257	3.58362	3.40114	3.21696	2.90534	2.92496	2.46367	2.75797	2.59704	2.8632	2.51404	2.44306	2.23968	2.04338	1.40939	1.08436	0.77703	0.49835	0.46717	0.60079	0.59146	0.47924	0.40151	0.28152	0.31977	0.30084	0.21956	0.12187	0.14159	-0.08296	0.13206	0.04412	-0.05794	-0.15996	-0.19759	-0.28882
38	0.00265	-0.04668	-0.09059	-0.12695	-0.14631	-0.14229	-0.07176	0.05235	0.2341	0.35772	0.19691	0.4155	0.22899	0.27771	0.22762	0.33397	0.25167	0.45142	0.52663	0.97538	0.92083	1.21734	1.04999	1.59742	1.19051	1.32277	1.24693	1.84577	1.59507	1.74655	1.79096	2.09291	1.90966	2.13092	2.25904	2.41704	2.4447	2.34202	2.2692	2.2692	2.34202	2.4447	2.41704	2.25904	2.13092	1.90966	2.09291	1.79096	1.74655	1.59507	1.84577	1.24693	1.32277	1.19051	1.59742	1.04999	1.21734	0.92083	0.97538	0.52663	0.45142	0.25167	0.33397	0.22762	0.27771	0.22899	0.4155	0.19691	0.35772	0.2341	0.05235	-0.07176	-0.14229	-0.14631	-0.12695	-0.09059	-0.04668
39	0.12754	-0.16458	-0.1723	-0.1872	-0.17057	-0.13772	-0.08933	0	0.03381	0.1691	0.16736	0.16132	0.43072	0.55566	0.44509	0.25907	0.21655	0.40184	0.54717	0.51273	0.78068	0.94585	1.07469	1.09141	0.99015	1.09765	0.89958	1.18946	1.23107	1.2192	1.44502	1.39692	1.71036	1.75384	1.83854	1.92387	1.9293	1.85484	1.78102	1.78102	1.85484	1.9293	1.92387	1.83854	1.75384	1.71036	1.39692	1.44502	1.2192	1.23107	1.18946	0.89958	1.09765	0.99015	1.09141	1.07469	0.94585	0.78068	0.51273	0.54717	0.40184	0.21655	0.25907	0.44509	0.55566	0.43072	0.16132	0.16736	0.1691	0.03381	0	-0.08933	-0.13772	-0.17057	-0.1872	-0.1723	-0.16458
40	-0.05715	0.0881	0.03004	-0.02093	-0.07929	-0.1259	-0.11743	0	-0.18574	0.06877	0.01314	0.04705	0.0859	0.1159	0.0949	0.10895	0.15786	0.31098	0.20455	0.56948	0.27194	0.45328	0.58451	0.96021	0.53554	0.78321	0.81534	1.16924	0.94166	0.97388	0.80567	1.18624	0.51173	0.68403	0.76524	0.95509	0.97663	0.82985	0.79171	0.79171	0.82985	0.97663	0.95509	0.76524	0.68403	0.51173	1.18624	0.80567	0.97388	0.94166	1.16924	0.81534	0.78321	0.53554	0.96021	0.58451	0.45328	0.27194	0.56948	0.20455	0.31098	0.15786	0.10895	0.0949	0.1159	0.0859	0.04705	0.01314	0.06877	-0.18574	0	-0.11743	-0.1259	-0.07929	-0.02093	0.03004	0.0881
41	-0.07326	0.05089	0.02778	0.01179	-0.01288	-0.03508	-0.05141	-0.02415	-0.02337	0.04679	-0.02136	-0.06898	0.11228	0.09366	-0.06406	0.413	0.24844	0.1737	0.36701	0.37212	0.23578	0.33321	0.10807	0.71897	0.36795	0.52937	0.51049	1.07235	0.45378	0.72671	0.58187	0.15657	0.37584	0.40413	0.49403	0.63454	0.63807	0.50464	0.42181	0.42181	0.50464	0.63807	0.63454	0.49403	0.40413	0.37584	0.15657	0.58187	0.72671	0.45378	1.07235	0.51049	0.52937	0.36795	0.71897	0.10807	0.33321	0.23578	0.37212	0.36701	0.1737	0.24844	0.413	-0.06406	0.09366	0.11228	-0.06898	-0.02136	0.04679	-0.02337	-0.02415	-0.05141	-0.03508	-0.01288	0.01179	0.02778	0.05089
42	0.09246	-0.32897	-0.2402	-0.16038	-0.04745	0.05605	0.06639	0	0.12131	-0.05777	-0.04078	-0.05982	-0.16547	-0.05894	-0.00636	0.0585	-0.05803	0.05551	0.2251	-0.01132	0.10539	0.10075	0.34758	0.34152	0.28785	0.49041	0.24728	0.50116	0.37371	0.55817	0.30239	0.26795	0.41906	0.50768	0.65249	0.87092	0.882	0.68573	0.56307	0.56307	0.68573	0.882	0.87092	0.65249	0.50768	0.41906	0.26795	0.30239	0.55817	0.37371	0.50116	0.24728	0.49041	0.28785	0.34152	0.34758	0.10075	0.10539	-0.01132	0.2251	0.05551	-0.05803	0.0585	-0.00636	-0.05894	-0.16547	-0.05982	-0.04078	-0.05777	0.12131	0	0.06639	0.05605	-0.04745	-0.16038	-0.2402	-0.32897
43	0.18381	-0.11073	-0.10296	-0.11041	-0.09174	-0.06472	-0.03135	0	0	0.06195	0.03001	0.03395	0.0076	0.1428	0.03654	0.10586	0.0407	-0.04538	-0.10586	0.03632	0.02184	0.40881	0.21583	0.12286	0.12312	0.30106	0.11515	0.40584	0.19638	0.09623	-0.24185	-0.02417	0.21733	0.22982	0.30707	0.39557	0.39713	0.31175	0.23763	0.23763	0.31175	0.39713	0.39557	0.30707	0.22982	0.21733	-0.02417	-0.24185	0.09623	0.19638	0.40584	0.11515	0.30106	0.12312	0.12286	0.21583	0.40881	0.02184	0.03632	-0.10586	-0.04538	0.0407	0.10586	0.03654	0.1428	0.0076	0.03395	0.03001	0.06195	0	0	-0.03135	-0.06472	-0.09174	-0.11041	-0.10296	-0.11073
44	-0.01059	0.06153	0.005	-0.04794	-0.10128	-0.10133	-0.09357	-0.01501	-0.03271	-0.05621	0.07836	0.06393	0.09171	0.07577	-0.01541	0.02112	-0.00738	-0.05315	-0.03481	0	0	-0.00607	0.084	0.19556	0.09834	0.131	0.07129	0.23204	0.09931	-0.05675	-0.07639	-0.01109	0	0	0.0227	0.10701	0.10701	0.0227	0	0	0.0227	0.10701	0.10701	0.0227	0	0	-0.01109	-0.07639	-0.05675	0.09931	0.23204	0.07129	0.131	0.09834	0.19556	0.084	-0.00607	0	0	-0.03481	-0.05315	-0.00738	0.02112	-0.01541	0.07577	0.09171	0.06393	0.07836	-0.05621	-0.03271	-0.01501	-0.09357	-0.10133	-0.10128	-0.04794	0.005	0.06153
45	0.01942	7.6531E-4	-0.00849	3.3904E-4	0.0096	0.01843	0.02418	0.00132	0	-0.01148	0.04843	0.02611	0.05243	0.05272	-0.00963	-0.02945	0.05871	8.88165E-4	0	0	0	0	0	0	0	0	-0.05457	0	-0.07225	-0.03647	-0.07518	-0.11	-0.04126	-0.01768	0.02529	0.03231	0.03526	0.03413	-0.00295	-0.00295	0.03413	0.03526	0.03231	0.02529	-0.01768	-0.04126	-0.11	-0.07518	-0.03647	-0.07225	0	-0.05457	0	0	0	0	0	0	0	0	8.88165E-4	0.05871	-0.02945	-0.00963	0.05272	0.05243	0.02611	0.04843	-0.01148	0	0.00132	0.02418	0.01843	0.0096	3.3904E-4	-0.00849	7.6531E-4
