lateral	-37.5	-36.5	-35.5	-34.5	-33.5	-32.5	-31.5	-30.5	-29.5	-28.5	-27.5	-26.5	-25.5	-24.5	-23.5	-22.5	-21.5	-20.5	-19.5	-18.5	-17.5	-16.5	-15.5	-14.5	-13.5	-12.5	-11.5	-10.5	-9.5	-8.5	-7.5	-6.5	-5.5	-4.5	-3.5	-2.5	-1.5	-0.5	0.5	1.5	2.5	3.5	4.5	5.5	6.5	7.5	8.5	9.5	10.5	11.5	12.5	13.5	14.5	15.5	16.5	17.5	18.5	19.5	20.5	21.5	22.5	23.5	24.5	25.5	26.5	27.5	28.5	29.5	30.5	31.5	32.5	33.5	34.5	35.5	36.5	37.5	38.5
DFB	mm	mm	mm	mm	mm	mm	mm	mm	mm	mm	mm	mm	mm	mm	mm	mm	mm	mm	mm	mm	mm	mm	mm	mm	mm	mm	mm	mm	mm	mm	mm	mm	mm	mm	mm	mm	mm	mm	mm	mm	mm	mm	mm	mm	mm	mm	mm	mm	mm	mm	mm	mm	mm	mm	mm	mm	mm	mm	mm	mm	mm	mm	mm	mm	mm	mm	mm	mm	mm	mm	mm	mm	mm	mm	mm	mm	mm
-5	0	0	0	0	-0.01932	-0.06145	-0.04321	-0.03996	-0.02983	-0.07462	0.04142	0	0	0	0	0	0	0	0	0	0	0	0	0	0	0	0	0	0	0	0	0	0	0	0	0	0	0	0	0	0	0	0	0	0	0	0	0	0	0	0	0	0	0	0	0	0	0	0	0	0	0	0	0	0	0.04142	-0.07462	-0.02983	-0.03996	-0.04321	-0.06145	-0.01932	0	0	0	0	0
-4	0	0	0	0	-0.01776	-0.04583	0.00558	0.01052	0.01925	-0.03282	0.07914	0	0	0	0	0	0	0	0	0	0	0	0	0	0	0	0	0	0	0	0	0	0	0	0	0	0	0	0	0	0	0	0	0	0	0	0	0	0	0	0	0	0	0	0	0	0	0	0	0	0	0	0	0	0	0.07914	-0.03282	0.01925	0.01052	0.00558	-0.04583	-0.01776	0	0	0	0	0
-3	0	0	0	0	-7.3248E-4	-0.02367	-0.01337	0.01179	0.01658	0.02115	0.00139	0	0	0	0	0	0	0	0	0	0	0	0	0	0	0	0	0	0	0	0	0	0	0	0	0	0	0	0	0	0	0	0	0	0	0	0	0	0	0	0	0	0	0	0	0	0	0	0	0	0	0	0	0	0	0.00139	0.02115	0.01658	0.01179	-0.01337	-0.02367	-7.3248E-4	0	0	0	0	0
-2	0	0	0	0	-0.00264	-0.09482	-0.10756	-0.1083	-0.09554	-0.06598	-0.04011	0	0	0	0	0	0	0	0	0	0	0	0	0	0	0	0	0	0	0	0	0	0	0	0	0	0	0	0	0	0	0	0	0	0	0	0	0	0	0	0	0	0	0	0	0	0	0	0	0	0	0	0	0	0	-0.04011	-0.06598	-0.09554	-0.1083	-0.10756	-0.09482	-0.00264	0	0	0	0	0
-1	0	0	0	0	-0.00596	-0.05132	-0.02132	-0.01219	-0.01621	-0.00134	0.00933	0	0	0	0	0	0	0	0	0	0	0	0	0	0	0	0	0	0	0	0	0	0	0	0	0	0	0	0	0	0	0	0	0	0	0	0	0	0	0	0	0	0	0	0	0	0	0	0	0	0	0	0	0	0	0.00933	-0.00134	-0.01621	-0.01219	-0.02132	-0.05132	-0.00596	0	0	0	0	0
0	0	0	0	0	-4.7488E-4	-0.04513	-0.03749	-0.04412	0.05191	-0.07407	-0.07374	0	0	0	0	0	0	0	0	0	0	0	0	0	0	0	0	0	0	0	0	0	0	0	0	0	0	0	0	0	0	0	0	0	0	0	0	0	0	0	0	0	0	0	0	0	0	0	0	0	0	0	0	0	0	-0.07374	-0.07407	0.05191	-0.04412	-0.03749	-0.04513	-4.7488E-4	0	0	0	0	0
1	0	0	0	0	-0.01817	-0.0618	-0.07037	-0.01955	-0.02163	0.04122	-0.00924	0	0	0	0	0	0	0	0	0	0	0	0	0	0	0	0	0	0	0	0	0	0	0	0	0	0	0	0	0	0	0	0	0	0	0	0	0	0	0	0	0	0	0	0	0	0	0	0	0	0	0	0	0	0	-0.00924	0.04122	-0.02163	-0.01955	-0.07037	-0.0618	-0.01817	0	0	0	0	0
2	0	0	0	0	0.0016	-0.02633	0.04397	-0.02246	0.02357	-0.01214	-0.0088	0	0	0	0	0	0	0	0	0	0	0	0	-0.09772	-0.07171	-0.20306	-0.01285	0	-0.06436	0	0	0	0	0	0	0	0	0	0	0	0	0	0	0	0	0	0	-0.06436	0	-0.01285	-0.20306	-0.07171	-0.09772	0	0	0	0	0	0	0	0	0	0	0	0	-0.0088	-0.01214	0.02357	-0.02246	0.04397	-0.02633	0.0016	0	0	0	0	0
3	0	0	0	0	-0.02642	0.08606	0.12291	0.23266	0.00663	0.04665	-0.01107	-0.05053	0	0	0	0	0	0	0	0	0	0	0	-0.20108	-0.21932	-0.3459	-0.13887	-0.04577	0	0	0	0.0684	0.05645	0.04076	0.02972	0.02823	0.03628	0.04898	0.04898	0.03628	0.02823	0.02972	0.04076	0.05645	0.0684	0	0	0	-0.04577	-0.13887	-0.3459	-0.21932	-0.20108	0	0	0	0	0	0	0	0	0	0	0	-0.05053	-0.01107	0.04665	0.00663	0.23266	0.12291	0.08606	-0.02642	0	0	0	0	0
4	0	0	0	0	0.00794	0.0331	0.00641	0.04091	0.023	0.07233	0.09408	0	0	0	0	0	0	0	-0.08612	-0.18746	-0.14432	-0.03182	-0.07241	-0.11496	-0.05307	-0.06526	0	0.1517	0.0541	0.26026	0.04691	0.14803	0.06344	0.05287	0.04229	0.03172	0.02115	0.01057	0.01057	0.02115	0.03172	0.04229	0.05287	0.06344	0.14803	0.04691	0.26026	0.0541	0.1517	0	-0.06526	-0.05307	-0.11496	-0.07241	-0.03182	-0.14432	-0.18746	-0.08612	0	0	0	0	0	0	0	0.09408	0.07233	0.023	0.04091	0.00641	0.0331	0.00794	0	0	0	0	0
5	0	0	0	0	0.03462	0.01166	0.00217	-0.04281	0.01491	0.0242	-0.04448	0	0	0	0	0	0	0	0	-0.06384	-0.13736	-0.0412	-0.05001	-0.08534	-0.19131	-0.2234	-0.06972	-0.06501	0	-0.22731	0	0	0.19895	0.28409	0.2945	0.31937	0.3587	0.3233	0.3233	0.3587	0.31937	0.2945	0.28409	0.19895	0	0	-0.22731	0	-0.06501	-0.06972	-0.2234	-0.19131	-0.08534	-0.05001	-0.0412	-0.13736	-0.06384	0	0	0	0	0	0	0	0	-0.04448	0.0242	0.01491	-0.04281	0.00217	0.01166	0.03462	0	0	0	0	0
6	0	0	0	0	-0.05877	0.03439	0.06741	0.08234	0.14469	0.08029	-0.02407	0.06706	0	0	0	0	-0.08355	-0.11788	-0.26514	-0.07334	-0.07714	-0.12397	-0.16653	0.04185	0.02137	-0.17911	-0.17639	0.21229	0.06858	-2.194E-4	-0.25062	0.37115	0.33697	0.3489	0.34841	0.34413	0.33608	0.31561	0.31561	0.33608	0.34413	0.34841	0.3489	0.33697	0.37115	-0.25062	-2.194E-4	0.06858	0.21229	-0.17639	-0.17911	0.02137	0.04185	-0.16653	-0.12397	-0.07714	-0.07334	-0.26514	-0.11788	-0.08355	0	0	0	0	0.06706	-0.02407	0.08029	0.14469	0.08234	0.06741	0.03439	-0.05877	0	0	0	0	0
7	0	0	0	0	-0.00519	-0.10653	-0.07879	-0.08235	-0.05134	-0.05209	-0.12089	0	0	0	0	0	0	0.12582	0.05625	-0.10017	-0.17791	-0.10929	-0.0946	0.03778	-0.05207	0.27389	0.31405	0.56729	0.39056	0.41264	0.10139	0.15898	0.10239	0.0515	-0.01646	-0.02353	0.03028	0.06703	0.06703	0.03028	-0.02353	-0.01646	0.0515	0.10239	0.15898	0.10139	0.41264	0.39056	0.56729	0.31405	0.27389	-0.05207	0.03778	-0.0946	-0.10929	-0.17791	-0.10017	0.05625	0.12582	0	0	0	0	0	0	-0.12089	-0.05209	-0.05134	-0.08235	-0.07879	-0.10653	-0.00519	0	0	0	0	0
8	0	0	0	0	-0.03483	0.04267	0.04223	-0.00163	0.07982	0.09766	0.17338	0	0	0	0	-0.04244	-0.13253	0.02965	0.02597	-0.12906	-0.01897	-0.18291	-0.0468	-0.35416	-0.16353	-0.19595	-0.0043	0.33559	0.47459	0.26536	0.26286	-0.17427	-0.20916	-0.24004	-0.18963	-0.19399	-0.25313	-0.23096	-0.23096	-0.25313	-0.19399	-0.18963	-0.24004	-0.20916	-0.17427	0.26286	0.26536	0.47459	0.33559	-0.0043	-0.19595	-0.16353	-0.35416	-0.0468	-0.18291	-0.01897	-0.12906	0.02597	0.02965	-0.13253	-0.04244	0	0	0	0	0.17338	0.09766	0.07982	-0.00163	0.04223	0.04267	-0.03483	0	0	0	0	0
9	0	0	0	0	-0.00125	-0.02989	-0.00777	-0.06579	-0.10054	0.10664	0.14916	-0.00804	0	0	0	0	0.08283	0.13517	-0.10913	-0.23246	-0.04134	0.04925	-0.0319	-0.10998	0.06134	-0.1642	-0.01564	0.09435	0.10151	0.47197	0.17614	0.3528	0.43628	0.38304	0.20346	0.21389	0.41434	0.48845	0.48845	0.41434	0.21389	0.20346	0.38304	0.43628	0.3528	0.17614	0.47197	0.10151	0.09435	-0.01564	-0.1642	0.06134	-0.10998	-0.0319	0.04925	-0.04134	-0.23246	-0.10913	0.13517	0.08283	0	0	0	0	-0.00804	0.14916	0.10664	-0.10054	-0.06579	-0.00777	-0.02989	-0.00125	0	0	0	0	0
10	0	0	0	0	-0.00409	-0.09977	-0.01658	-0.04186	-0.07531	0.07656	-0.03483	-0.01138	0	0	0	-3.1885E-4	-0.22049	-0.16049	0.02259	-0.16277	-0.00236	0.12362	-0.09058	-0.09785	-0.19637	-0.2434	-0.24135	-0.23779	-0.09502	0.1823	0.45348	0.39382	0.68587	0.74128	0.68601	0.72251	0.8508	0.86839	0.86839	0.8508	0.72251	0.68601	0.74128	0.68587	0.39382	0.45348	0.1823	-0.09502	-0.23779	-0.24135	-0.2434	-0.19637	-0.09785	-0.09058	0.12362	-0.00236	-0.16277	0.02259	-0.16049	-0.22049	-3.1885E-4	0	0	0	-0.01138	-0.03483	0.07656	-0.07531	-0.04186	-0.01658	-0.09977	-0.00409	0	0	0	0	0
11	0	0	0	0	-0.01634	-0.14892	-0.11777	-0.04511	-0.08056	-0.12297	-0.181	-0.13227	0	0	0	-0.13109	0.20878	0.05478	0.13766	0.12531	-0.06557	-0.09454	-0.1181	-0.16363	-0.1652	-0.31014	-0.14204	0.06077	0.08614	0.41549	0.28406	-0.02545	0.09514	0.08134	0.0556	0.07068	0.12656	0.1705	0.1705	0.12656	0.07068	0.0556	0.08134	0.09514	-0.02545	0.28406	0.41549	0.08614	0.06077	-0.14204	-0.31014	-0.1652	-0.16363	-0.1181	-0.09454	-0.06557	0.12531	0.13766	0.05478	0.20878	-0.13109	0	0	0	-0.13227	-0.181	-0.12297	-0.08056	-0.04511	-0.11777	-0.14892	-0.01634	0	0	0	0	0
12	0	0	0	0	-0.02095	0.11859	0.00875	-0.02122	0.1748	0.04775	-0.00416	-0.04465	0	0	0	-0.09355	0.08156	0.17597	-0.10502	-0.06901	0.0457	-0.27083	-0.23986	-0.17446	-0.24394	-0.27523	-0.3344	0.63925	0.14865	0.4928	0.17074	0.432	0.39408	0.36749	0.29633	0.29159	0.35327	0.37039	0.37039	0.35327	0.29159	0.29633	0.36749	0.39408	0.432	0.17074	0.4928	0.14865	0.63925	-0.3344	-0.27523	-0.24394	-0.17446	-0.23986	-0.27083	0.0457	-0.06901	-0.10502	0.17597	0.08156	-0.09355	0	0	0	-0.04465	-0.00416	0.04775	0.1748	-0.02122	0.00875	0.11859	-0.02095	0	0	0	0	0
13	0	0	0	0	3.9408E-4	-0.02336	-0.07321	0.06076	0.05899	0.03238	0.12979	-0.00879	-0.06456	0	0	0.03592	0.10981	0.01714	-0.15619	-0.20291	-0.30773	-0.228	-0.22026	-0.28498	-0.28669	-0.01756	0.13083	0.33669	0.49522	0.7256	0.41735	0.28763	0.37941	0.23183	-0.07633	-0.06485	0.26624	0.43677	0.43677	0.26624	-0.06485	-0.07633	0.23183	0.37941	0.28763	0.41735	0.7256	0.49522	0.33669	0.13083	-0.01756	-0.28669	-0.28498	-0.22026	-0.228	-0.30773	-0.20291	-0.15619	0.01714	0.10981	0.03592	0	0	-0.06456	-0.00879	0.12979	0.03238	0.05899	0.06076	-0.07321	-0.02336	3.9408E-4	0	0	0	0	0
14	0	0	0	0	0.00205	-0.09841	7.51E-5	-0.13673	-0.02867	-0.03787	0.0572	0.03348	0.08575	0.09709	0	0.0954	-0.04144	0.03551	-0.11231	-0.27617	-0.16406	-0.18392	-0.12661	-0.24833	-0.28082	-0.16449	-0.37721	0.17759	-0.29996	-0.04542	-0.4081	-0.68044	-0.78537	-0.96442	-1.19181	-1.20493	-1.00377	-0.85095	-0.85095	-1.00377	-1.20493	-1.19181	-0.96442	-0.78537	-0.68044	-0.4081	-0.04542	-0.29996	0.17759	-0.37721	-0.16449	-0.28082	-0.24833	-0.12661	-0.18392	-0.16406	-0.27617	-0.11231	0.03551	-0.04144	0.0954	0	0.09709	0.08575	0.03348	0.0572	-0.03787	-0.02867	-0.13673	7.51E-5	-0.09841	0.00205	0	0	0	0	0
15	0	0	0	0	0.03479	-0.14089	-0.07191	-0.11946	-0.01714	0.13559	0.17178	0.13523	0.17076	0.13852	0.02526	0.41421	0.34214	-0.13779	-0.00869	-0.22654	-0.24019	-0.51297	-0.44632	-0.8166	-0.5296	-0.50695	-0.55202	-0.37158	-0.54695	-1.12314	-1.3392	-1.84228	-2.3935	-2.95655	-3.66563	-3.73452	-3.16325	-2.73801	-2.73801	-3.16325	-3.73452	-3.66563	-2.95655	-2.3935	-1.84228	-1.3392	-1.12314	-0.54695	-0.37158	-0.55202	-0.50695	-0.5296	-0.8166	-0.44632	-0.51297	-0.24019	-0.22654	-0.00869	-0.13779	0.34214	0.41421	0.02526	0.13852	0.17076	0.13523	0.17178	0.13559	-0.01714	-0.11946	-0.07191	-0.14089	0.03479	0	0	0	0	0
16	0	0	0	0	-0.03803	0.09826	0.09267	0.17767	0.1275	0.06434	0.04644	-0.18377	-0.16396	-0.42548	-0.22342	-0.60868	-0.39262	-0.33293	-0.39358	-0.18963	-0.08429	-0.15287	0.06806	-0.30359	-0.46976	-0.80417	-1.10627	-1.31918	-2.15897	-2.65862	-3.33014	-3.78631	-4.21615	-4.81434	-5.64979	-5.70353	-4.97553	-4.48481	-4.48481	-4.97553	-5.70353	-5.64979	-4.81434	-4.21615	-3.78631	-3.33014	-2.65862	-2.15897	-1.31918	-1.10627	-0.80417	-0.46976	-0.30359	0.06806	-0.15287	-0.08429	-0.18963	-0.39358	-0.33293	-0.39262	-0.60868	-0.22342	-0.42548	-0.16396	-0.18377	0.04644	0.06434	0.1275	0.17767	0.09267	0.09826	-0.03803	0	0	0	0	0
17	0	0	0	0	-0.00947	-0.05026	0.03437	0.01995	-0.06778	0.08869	-0.18198	0.04198	-0.09883	-0.06779	-0.26704	-0.3344	-0.26313	-0.2238	-0.35468	-0.31181	-0.3536	-0.47385	-0.74448	-0.62959	-1.34923	-1.66125	-2.18057	-2.78198	-3.81171	-5.02914	-5.73268	-6.49229	-7.17615	-7.72547	-8.25155	-8.33703	-7.98192	-7.60356	-7.60356	-7.98192	-8.33703	-8.25155	-7.72547	-7.17615	-6.49229	-5.73268	-5.02914	-3.81171	-2.78198	-2.18057	-1.66125	-1.34923	-0.62959	-0.74448	-0.47385	-0.3536	-0.31181	-0.35468	-0.2238	-0.26313	-0.3344	-0.26704	-0.06779	-0.09883	0.04198	-0.18198	0.08869	-0.06778	0.01995	0.03437	-0.05026	-0.00947	0	0	0	0	0
18	0	0	0	0	-0.03627	0.15678	0.04724	-0.0145	0.06209	0.09243	0.00256	-0.01418	-0.11181	-0.29348	-0.40278	-0.42394	-0.33073	-0.31613	-0.65339	-0.54517	-0.50452	-0.6075	-1.16963	-1.26906	-1.8293	-2.75935	-3.49231	-4.09648	-5.60385	-6.24266	-7.57831	-7.9277	-8.51094	-8.86873	-9.12643	-9.19933	-9.08743	-8.87547	-8.87547	-9.08743	-9.19933	-9.12643	-8.86873	-8.51094	-7.9277	-7.57831	-6.24266	-5.60385	-4.09648	-3.49231	-2.75935	-1.8293	-1.26906	-1.16963	-0.6075	-0.50452	-0.54517	-0.65339	-0.31613	-0.33073	-0.42394	-0.40278	-0.29348	-0.11181	-0.01418	0.00256	0.09243	0.06209	-0.0145	0.04724	0.15678	-0.03627	0	0	0	0	0
19	0	0	0	0	0.01751	-0.06553	-0.10422	-0.22485	-0.12373	-0.19851	-0.31051	-0.24008	-0.25331	-0.20272	-0.18741	-0.35963	-0.42457	-0.19053	-0.62648	-0.6796	-0.95018	-1.31369	-1.65485	-1.76689	-2.09883	-2.95135	-3.99748	-5.01983	-6.01162	-6.72179	-7.59839	-8.01157	-8.37343	-8.5897	-8.70732	-8.75255	-8.7254	-8.59959	-8.59959	-8.7254	-8.75255	-8.70732	-8.5897	-8.37343	-8.01157	-7.59839	-6.72179	-6.01162	-5.01983	-3.99748	-2.95135	-2.09883	-1.76689	-1.65485	-1.31369	-0.95018	-0.6796	-0.62648	-0.19053	-0.42457	-0.35963	-0.18741	-0.20272	-0.25331	-0.24008	-0.31051	-0.19851	-0.12373	-0.22485	-0.10422	-0.06553	0.01751	0	0	0	0	0
20	0	0	0	0	0.00236	-0.05924	-0.08914	-0.16456	0.03884	-0.06758	8.009E-4	-0.22822	-0.26333	-0.10316	-0.26359	-0.20217	-0.5269	-0.45203	-0.60288	-0.70768	-0.74813	-1.36903	-1.84603	-2.5291	-3.40701	-3.79925	-4.40056	-4.75105	-5.98645	-5.97864	-6.63971	-6.30174	-6.56281	-6.68739	-6.84011	-6.87274	-6.78528	-6.72598	-6.72598	-6.78528	-6.87274	-6.84011	-6.68739	-6.56281	-6.30174	-6.63971	-5.97864	-5.98645	-4.75105	-4.40056	-3.79925	-3.40701	-2.5291	-1.84603	-1.36903	-0.74813	-0.70768	-0.60288	-0.45203	-0.5269	-0.20217	-0.26359	-0.10316	-0.26333	-0.22822	8.009E-4	-0.06758	0.03884	-0.16456	-0.08914	-0.05924	0.00236	0	0	0	0	0
21	0	0	0	0	0.02124	-0.00616	-0.07646	-0.0789	-0.11617	-0.20869	-0.32943	-0.43663	-0.35411	-0.431	-0.38118	-0.30268	-0.20601	-0.26009	-0.43479	-0.65124	-1.10186	-1.41465	-2.05971	-2.35442	-2.68737	-3.68033	-4.2273	-4.92118	-4.63707	-5.73084	-5.60281	-5.44402	-5.28616	-5.12541	-4.93444	-4.9147	-5.06621	-5.18748	-5.18748	-5.06621	-4.9147	-4.93444	-5.12541	-5.28616	-5.44402	-5.60281	-5.73084	-4.63707	-4.92118	-4.2273	-3.68033	-2.68737	-2.35442	-2.05971	-1.41465	-1.10186	-0.65124	-0.43479	-0.26009	-0.20601	-0.30268	-0.38118	-0.431	-0.35411	-0.43663	-0.32943	-0.20869	-0.11617	-0.0789	-0.07646	-0.00616	0.02124	0	0	0	0	0
22	0	0	0	0	-0.01351	-0.03993	0.09224	0.0869	0.15563	0.10353	0.04198	0.19279	0.06648	0.00669	-0.2615	-0.63932	-0.57949	-0.7198	-0.95331	-1.26588	-1.41059	-1.8689	-2.23585	-2.17983	-2.83065	-2.92199	-3.69641	-3.9163	-3.98555	-4.18759	-4.26484	-4.19818	-4.12926	-4.03037	-3.88566	-3.87705	-4.00452	-4.08619	-4.08619	-4.00452	-3.87705	-3.88566	-4.03037	-4.12926	-4.19818	-4.26484	-4.18759	-3.98555	-3.9163	-3.69641	-2.92199	-2.83065	-2.17983	-2.23585	-1.8689	-1.41059	-1.26588	-0.95331	-0.7198	-0.57949	-0.63932	-0.2615	0.00669	0.06648	0.19279	0.04198	0.10353	0.15563	0.0869	0.09224	-0.03993	-0.01351	0	0	0	0	0
23	0	0	0	0	-0.02861	-0.07825	0.0151	0.02811	0.02458	0.00934	-0.00431	-0.05978	-0.19017	-0.20926	-0.50486	-0.83346	-0.64487	-0.53808	-0.92902	-0.88184	-0.90725	-1.43721	-1.48208	-1.77156	-2.14262	-2.30707	-2.81884	-2.65671	-2.59427	-2.80885	-2.91007	-2.19491	-2.26608	-2.18274	-2.11962	-2.12851	-2.20943	-2.31055	-2.31055	-2.20943	-2.12851	-2.11962	-2.18274	-2.26608	-2.19491	-2.91007	-2.80885	-2.59427	-2.65671	-2.81884	-2.30707	-2.14262	-1.77156	-1.48208	-1.43721	-0.90725	-0.88184	-0.92902	-0.53808	-0.64487	-0.83346	-0.50486	-0.20926	-0.19017	-0.05978	-0.00431	0.00934	0.02458	0.02811	0.0151	-0.07825	-0.02861	0	0	0	0	0
24	0	0	0	0	0	0.15241	-0.09722	0.03275	-0.11847	-0.12172	0.02233	-0.20981	-0.13821	-0.1474	-0.35715	-0.20427	-0.3363	-0.29131	-0.93555	-0.89384	-0.90599	-1.25301	-1.35781	-1.76815	-1.55984	-1.97711	-2.11887	-1.94141	-2.08824	-1.70042	-2.39855	-1.54973	-1.48894	-1.37645	-1.32819	-1.32058	-1.35365	-1.45093	-1.45093	-1.35365	-1.32058	-1.32819	-1.37645	-1.48894	-1.54973	-2.39855	-1.70042	-2.08824	-1.94141	-2.11887	-1.97711	-1.55984	-1.76815	-1.35781	-1.25301	-0.90599	-0.89384	-0.93555	-0.29131	-0.3363	-0.20427	-0.35715	-0.1474	-0.13821	-0.20981	0.02233	-0.12172	-0.11847	0.03275	-0.09722	0.15241	0	0	0	0	0	0
25	0	0	0	0	0.00808	-0.0571	-0.15179	-0.2725	-0.25433	-0.29817	-0.29398	-0.1853	-0.18883	0.14473	-0.09321	-0.26088	-0.15879	-0.35147	-0.52653	-0.70191	-0.76256	-1.02501	-1.24995	-1.00291	-1.36834	-1.04006	-1.72595	-1.53199	-1.37461	-1.42994	-1.35495	-1.20744	-1.18944	-1.10446	-0.979	-0.97674	-1.09769	-1.17817	-1.17817	-1.09769	-0.97674	-0.979	-1.10446	-1.18944	-1.20744	-1.35495	-1.42994	-1.37461	-1.53199	-1.72595	-1.04006	-1.36834	-1.00291	-1.24995	-1.02501	-0.76256	-0.70191	-0.52653	-0.35147	-0.15879	-0.26088	-0.09321	0.14473	-0.18883	-0.1853	-0.29398	-0.29817	-0.25433	-0.2725	-0.15179	-0.0571	0.00808	0	0	0	0	0
26	0	0	0	0	-0.01216	0.0993	0.0104	0.04497	0.16875	0.1628	0.07495	-0.0271	-0.08551	-0.30929	-0.45317	-0.42697	-0.34181	-0.51063	-0.60893	-0.74801	-0.56825	-0.55094	-0.74288	-0.97017	-0.90204	-1.20842	-1.24176	-1.13863	-0.82931	-0.8083	-0.86907	-1.08613	-0.74662	-0.61451	-0.48934	-0.4469	-0.4872	-0.53443	-0.53443	-0.4872	-0.4469	-0.48934	-0.61451	-0.74662	-1.08613	-0.86907	-0.8083	-0.82931	-1.13863	-1.24176	-1.20842	-0.90204	-0.97017	-0.74288	-0.55094	-0.56825	-0.74801	-0.60893	-0.51063	-0.34181	-0.42697	-0.45317	-0.30929	-0.08551	-0.0271	0.07495	0.1628	0.16875	0.04497	0.0104	0.0993	-0.01216	0	0	0	0	0
27	0	0	0	0	-0.01106	-0.01149	-0.06402	0.08993	0.07308	0.05744	-0.30643	-0.1983	-0.09319	-0.10602	-0.10598	-0.29622	-0.21914	-0.10907	-0.15997	-0.14861	-0.33329	-0.44119	-0.91133	-0.55513	-0.71717	-0.61013	-0.6206	-0.78006	-0.40401	0.00984	-0.21236	-0.08459	0.03275	0.01804	-0.09879	-0.08413	0.06204	0.10608	0.10608	0.06204	-0.08413	-0.09879	0.01804	0.03275	-0.08459	-0.21236	0.00984	-0.40401	-0.78006	-0.6206	-0.61013	-0.71717	-0.55513	-0.91133	-0.44119	-0.33329	-0.14861	-0.15997	-0.10907	-0.21914	-0.29622	-0.10598	-0.10602	-0.09319	-0.1983	-0.30643	0.05744	0.07308	0.08993	-0.06402	-0.01149	-0.01106	0	0	0	0	0
28	0	0	0	0	0.00639	-0.00608	-0.05841	0.10721	0.00779	-0.1206	-0.11435	0.00898	0.03099	0.11806	0.15641	0.06571	0.18262	0.02898	-0.01818	-0.06892	-0.66358	-0.8067	-0.83402	-0.72988	-0.83037	-0.50388	-0.46738	-0.3515	0.03618	-0.32175	0.07394	-0.40498	-0.49052	-0.54539	-0.52581	-0.5365	-0.57747	-0.54398	-0.54398	-0.57747	-0.5365	-0.52581	-0.54539	-0.49052	-0.40498	0.07394	-0.32175	0.03618	-0.3515	-0.46738	-0.50388	-0.83037	-0.72988	-0.83402	-0.8067	-0.66358	-0.06892	-0.01818	0.02898	0.18262	0.06571	0.15641	0.11806	0.03099	0.00898	-0.11435	-0.1206	0.00779	0.10721	-0.05841	-0.00608	0.00639	0	0	0	0	0
29	0	0	0	0	-0.02245	-0.01877	0.05369	0.20046	0.20221	0.08771	0.02103	0.05789	0.1227	-0.08822	-0.36901	-0.14762	-0.14266	-0.27469	-0.07166	-0.11367	-0.36883	-0.4602	-0.27057	-0.35434	-0.25388	-0.54614	-0.48607	0.13982	-0.10933	0.01627	0.04856	-0.06629	-0.02648	-0.02447	-0.02174	-0.01676	-0.00954	-0.00159	-0.00159	-0.00954	-0.01676	-0.02174	-0.02447	-0.02648	-0.06629	0.04856	0.01627	-0.10933	0.13982	-0.48607	-0.54614	-0.25388	-0.35434	-0.27057	-0.4602	-0.36883	-0.11367	-0.07166	-0.27469	-0.14266	-0.14762	-0.36901	-0.08822	0.1227	0.05789	0.02103	0.08771	0.20221	0.20046	0.05369	-0.01877	-0.02245	0	0	0	0	0
30	0	0	0	0	-0.02802	-0.04352	0.01736	-0.02998	0.03707	0.11867	0.05628	-0.01327	0.08441	0.12673	-0.03512	-0.21787	-0.06819	-0.17974	-0.35506	-0.35085	-0.26817	-0.25901	-0.4299	-0.34969	-0.3553	-0.1679	-0.10818	0.12691	0.35504	0.29828	0.38731	0.51042	0.4952	0.46383	0.38507	0.38317	0.45813	0.48569	0.48569	0.45813	0.38317	0.38507	0.46383	0.4952	0.51042	0.38731	0.29828	0.35504	0.12691	-0.10818	-0.1679	-0.3553	-0.34969	-0.4299	-0.25901	-0.26817	-0.35085	-0.35506	-0.17974	-0.06819	-0.21787	-0.03512	0.12673	0.08441	-0.01327	0.05628	0.11867	0.03707	-0.02998	0.01736	-0.04352	-0.02802	0	0	0	0	0
31	0	0	0	0	-0.00401	5.01E-4	-0.06822	0.05084	-0.05275	-0.04558	0.01629	0.1012	0.07474	-0.08943	-0.07193	-0.22345	0.16285	-0.14226	-0.41459	-0.07219	-0.25741	-0.08626	-0.21586	-0.18553	-0.3269	-0.38625	-0.20551	-0.05126	0.74328	0.21552	0.52251	1.24553	1.19223	1.14176	0.91553	0.90887	1.12177	1.15892	1.15892	1.12177	0.90887	0.91553	1.14176	1.19223	1.24553	0.52251	0.21552	0.74328	-0.05126	-0.20551	-0.38625	-0.3269	-0.18553	-0.21586	-0.08626	-0.25741	-0.07219	-0.41459	-0.14226	0.16285	-0.22345	-0.07193	-0.08943	0.07474	0.1012	0.01629	-0.04558	-0.05275	0.05084	-0.06822	5.01E-4	-0.00401	0	0	0	0	0
32	0	0	0	0	-0.00487	0.05355	-5.71E-4	-0.01025	-0.12898	0.00238	-0.07269	-0.12199	-0.24451	-0.15171	-0.30959	-0.01986	0.04039	-0.041	-0.08623	-0.23598	-0.40533	-0.28601	-0.3755	-0.29655	-0.43178	-0.04849	0.01912	0.29706	0.40019	0.39916	0.68665	0.32659	0.36586	0.32482	0.2785	0.28341	0.33955	0.39041	0.39041	0.33955	0.28341	0.2785	0.32482	0.36586	0.32659	0.68665	0.39916	0.40019	0.29706	0.01912	-0.04849	-0.43178	-0.29655	-0.3755	-0.28601	-0.40533	-0.23598	-0.08623	-0.041	0.04039	-0.01986	-0.30959	-0.15171	-0.24451	-0.12199	-0.07269	0.00238	-0.12898	-0.01025	-5.71E-4	0.05355	-0.00487	0	0	0	0	0
33	0	0	0	0	6.26679E-5	0.06322	0.07107	0.01088	0.08661	0.03907	0.14837	-0.02725	0.06366	-0.02672	-0.02779	-0.02618	-0.02788	0.06172	-0.18274	-0.17558	0.02888	-0.05539	-0.02139	-0.30676	-0.17247	-0.19702	-0.46842	0.14004	-0.01847	-0.20421	-0.12607	0.12783	0.17687	0.2087	0.1945	0.20063	0.22709	0.20752	0.20752	0.22709	0.20063	0.1945	0.2087	0.17687	0.12783	-0.12607	-0.20421	-0.01847	0.14004	-0.46842	-0.19702	-0.17247	-0.30676	-0.02139	-0.05539	0.02888	-0.17558	-0.18274	0.06172	-0.02788	-0.02618	-0.02779	-0.02672	0.06366	-0.02725	0.14837	0.03907	0.08661	0.01088	0.07107	0.06322	6.26679E-5	0	0	0	0	0
34	0	0	0	0	0.00194	-0.12254	-0.07727	0.03989	0.03806	-0.02074	-0.07527	-0.06491	0.12943	0	0	0.11632	0.18599	-0.14026	-0.05895	-0.138	-0.02829	-0.20656	-0.41924	-0.17641	0.11059	-0.23638	0.17176	0.44554	0.6457	0.2984	0.34949	0.36944	0.39948	0.35201	0.24284	0.24659	0.36327	0.41826	0.41826	0.36327	0.24659	0.24284	0.35201	0.39948	0.36944	0.34949	0.2984	0.6457	0.44554	0.17176	-0.23638	0.11059	-0.17641	-0.41924	-0.20656	-0.02829	-0.138	-0.05895	-0.14026	0.18599	0.11632	0	0	0.12943	-0.06491	-0.07527	-0.02074	0.03806	0.03989	-0.07727	-0.12254	0.00194	0	0	0	0	0
35	0	0	0	0	-0.00874	0.02343	-0.00746	0.08821	0.06276	0.03479	-0.07249	-0.0263	-0.00929	0	0	-0.25535	0.1871	0.16021	0.0901	0.29269	0.12651	-0.16303	-0.39796	-0.33821	-0.39814	-0.47811	-0.05654	0.26284	0.44772	0.33381	0.31083	0.59572	0.27476	0.15916	0.05275	0.01263	0.0388	0.07417	0.07417	0.0388	0.01263	0.05275	0.15916	0.27476	0.59572	0.31083	0.33381	0.44772	0.26284	-0.05654	-0.47811	-0.39814	-0.33821	-0.39796	-0.16303	0.12651	0.29269	0.0901	0.16021	0.1871	-0.25535	0	0	-0.00929	-0.0263	-0.07249	0.03479	0.06276	0.08821	-0.00746	0.02343	-0.00874	0	0	0	0	0
36	0	0	0	0	0.01246	0.01411	-0.06526	-0.01439	0.05873	0.12622	0.12651	-0.04031	-0.05671	0	0	-0.16176	-0.16914	0.0574	-0.25024	0.08768	-0.1758	0.15079	-0.09337	-0.36039	-0.30675	-0.24198	0.04423	0.3749	0.34096	0.31008	-0.03279	0.3219	0.06053	0.01727	0.02426	-0.00841	-0.08074	-0.10282	-0.10282	-0.08074	-0.00841	0.02426	0.01727	0.06053	0.3219	-0.03279	0.31008	0.34096	0.3749	0.04423	-0.24198	-0.30675	-0.36039	-0.09337	0.15079	-0.1758	0.08768	-0.25024	0.0574	-0.16914	-0.16176	0	0	-0.05671	-0.04031	0.12651	0.12622	0.05873	-0.01439	-0.06526	0.01411	0.01246	0	0	0	0	0
37	0	0	0	0	2.42196E-4	-0.01775	-0.0268	0.04893	-0.11032	-0.06138	-0.06563	-0.01801	0.00406	-0.05347	-0.00663	-0.14681	0.13221	0.03623	0.16481	0.01617	-0.1725	0.01521	-0.27656	-0.07251	-0.08658	-0.1584	-0.1509	-0.00265	0.46344	0.68877	0.54207	0.56592	0.59595	0.5032	0.29868	0.30243	0.51446	0.61471	0.61471	0.51446	0.30243	0.29868	0.5032	0.59595	0.56592	0.54207	0.68877	0.46344	-0.00265	-0.1509	-0.1584	-0.08658	-0.07251	-0.27656	0.01521	-0.1725	0.01617	0.16481	0.03623	0.13221	-0.14681	-0.00663	-0.05347	0.00406	-0.01801	-0.06563	-0.06138	-0.11032	0.04893	-0.0268	-0.01775	2.42196E-4	0	0	0	0	0
38	0	0	0	0	-0.00963	-0.10333	-0.04237	-0.05205	-0.01161	-0.04452	0.07922	0.11254	0.07411	0.02497	0	-0.24812	-0.09943	-0.27335	-0.21758	-0.37192	-0.22121	-0.29964	-0.29869	-0.23854	0.05628	-0.06283	0.17961	0.1794	0.84649	0.36551	0.72452	0.51685	0.39792	0.2606	0.08058	0.06571	0.216	0.32359	0.32359	0.216	0.06571	0.08058	0.2606	0.39792	0.51685	0.72452	0.36551	0.84649	0.1794	0.17961	-0.06283	0.05628	-0.23854	-0.29869	-0.29964	-0.22121	-0.37192	-0.21758	-0.27335	-0.09943	-0.24812	0	0.02497	0.07411	0.11254	0.07922	-0.04452	-0.01161	-0.05205	-0.04237	-0.10333	-0.00963	0	0	0	0	0
39	0	0	0	0	-0.00364	0.01233	-0.0274	0.00561	-0.0503	-0.01277	-0.02879	-0.09429	-0.16305	-0.14026	-0.08665	-0.31007	-0.07516	0.10019	-0.0222	0.09415	-0.03596	0.10435	-0.06067	-0.187	0.12677	0.1121	0.01547	0.11549	0.77762	0.50581	0.58902	0.56685	0.40987	0.23989	-0.01428	-0.03391	0.18103	0.31176	0.31176	0.18103	-0.03391	-0.01428	0.23989	0.40987	0.56685	0.58902	0.50581	0.77762	0.11549	0.01547	0.1121	0.12677	-0.187	-0.06067	0.10435	-0.03596	0.09415	-0.0222	0.10019	-0.07516	-0.31007	-0.08665	-0.14026	-0.16305	-0.09429	-0.02879	-0.01277	-0.0503	0.00561	-0.0274	0.01233	-0.00364	0	0	0	0	0
40	0	0	0	0	-0.0117	-0.03558	-0.02153	-0.00552	-0.02376	0.01091	0.05443	-0.11403	-0.10786	0	0	-0.23209	0.01867	-0.08564	-0.06765	-0.0725	0.12941	0.09671	0.03331	-0.15762	0.01085	0.05238	0.094	0.0374	0.11442	-0.23946	0.41589	-0.0055	0.19994	0.23141	0.23742	0.2631	0.30845	0.32834	0.32834	0.30845	0.2631	0.23742	0.23141	0.19994	-0.0055	0.41589	-0.23946	0.11442	0.0374	0.094	0.05238	0.01085	-0.15762	0.03331	0.09671	0.12941	-0.0725	-0.06765	-0.08564	0.01867	-0.23209	0	0	-0.10786	-0.11403	0.05443	0.01091	-0.02376	-0.00552	-0.02153	-0.03558	-0.0117	0	0	0	0	0
41	0	0	0	0	0.00891	0.08206	0.06437	-0.01847	0.09695	0.023	-0.01163	-0.06619	-0.10551	-0.09005	-0.02445	-0.00211	0.07468	0.13457	0.03058	-0.03524	0.13105	-0.03588	-0.19374	-0.12813	-0.31318	-0.19216	-0.15924	-0.17027	0.14488	0.34453	0.28775	0.34952	0.3326	0.2839	0.19732	0.1952	0.27755	0.32202	0.32202	0.27755	0.1952	0.19732	0.2839	0.3326	0.34952	0.28775	0.34453	0.14488	-0.17027	-0.15924	-0.19216	-0.31318	-0.12813	-0.19374	-0.03588	0.13105	-0.03524	0.03058	0.13457	0.07468	-0.00211	-0.02445	-0.09005	-0.10551	-0.06619	-0.01163	0.023	0.09695	-0.01847	0.06437	0.08206	0.00891	0	0	0	0	0
42	0	0	0	0	-0.00565	0.00313	0.03941	-0.00544	-0.02495	-0.04392	-0.03609	-0.06726	0	0.0377	0.05109	0.06438	0.20673	0.21967	0.16684	0.08821	0.07157	-0.03135	0	0	0	-0.06077	-0.17717	-0.03375	-0.08705	-0.2027	-0.2808	0.03153	0.04123	0.05559	0.033	0.03421	0.05922	0.04729	0.04729	0.05922	0.03421	0.033	0.05559	0.04123	0.03153	-0.2808	-0.2027	-0.08705	-0.03375	-0.17717	-0.06077	0	0	0	-0.03135	0.07157	0.08821	0.16684	0.21967	0.20673	0.06438	0.05109	0.0377	0	-0.06726	-0.03609	-0.04392	-0.02495	-0.00544	0.03941	0.00313	-0.00565	0	0	0	0	0
43	0	0	0	0	0	0.17297	0.17704	0.15698	0.16974	0.13262	0.0829	0.01672	0	0	-0.13919	-0.13225	-0.17397	-0.21667	-0.25643	-0.21388	-0.09879	-0.00853	0	0	0	0	-0.14303	0	0	0	-0.12437	-0.08104	-0.03473	-0.02894	-0.02315	-0.01737	-0.01158	-0.00579	-0.00579	-0.01158	-0.01737	-0.02315	-0.02894	-0.03473	-0.08104	-0.12437	0	0	0	-0.14303	0	0	0	0	-0.00853	-0.09879	-0.21388	-0.25643	-0.21667	-0.17397	-0.13225	-0.13919	0	0	0.01672	0.0829	0.13262	0.16974	0.15698	0.17704	0.17297	0	0	0	0	0	0
44	0	0	0	0	0	-0.00216	0.00408	-0.00419	0.03315	0.00583	-0.00875	0.10427	0.10791	0.09459	0.03167	0.01417	0.09841	-0.05622	-0.08414	-0.05706	-0.06761	-0.09489	-0.02919	0	-0.05139	-0.06413	0.05409	0.1949	0.14068	0.22902	0.24169	0.16383	0.1125	0.06908	0.06267	0.05625	0.04984	0.08042	0.08042	0.04984	0.05625	0.06267	0.06908	0.1125	0.16383	0.24169	0.22902	0.14068	0.1949	0.05409	-0.06413	-0.05139	0	-0.02919	-0.09489	-0.06761	-0.05706	-0.08414	-0.05622	0.09841	0.01417	0.03167	0.09459	0.10791	0.10427	-0.00875	0.00583	0.03315	-0.00419	0.00408	-0.00216	0	0	0	0	0	0
45	0	0	0	0	0	9.30727E-4	-0.02314	-0.01219	-0.01228	0.00482	-0.0187	-0.0132	0.00664	-0.00198	-0.00645	0.0769	0.05018	0.06048	-0.07856	0.07579	0.01486	0.00234	-0.11246	-0.06238	-0.06607	-0.10349	-0.03868	0	-0.02789	0	0	0	0	0	0.01917	0.01917	0	0	0	0	0.01917	0.01917	0	0	0	0	0	-0.02789	0	-0.03868	-0.10349	-0.06607	-0.06238	-0.11246	0.00234	0.01486	0.07579	-0.07856	0.06048	0.05018	0.0769	-0.00645	-0.00198	0.00664	-0.0132	-0.0187	0.00482	-0.01228	-0.01219	-0.02314	9.30727E-4	0	0	0	0	0	0
