lateral	-37.5	-36.5	-35.5	-34.5	-33.5	-32.5	-31.5	-30.5	-29.5	-28.5	-27.5	-26.5	-25.5	-24.5	-23.5	-22.5	-21.5	-20.5	-19.5	-18.5	-17.5	-16.5	-15.5	-14.5	-13.5	-12.5	-11.5	-10.5	-9.5	-8.5	-7.5	-6.5	-5.5	-4.5	-3.5	-2.5	-1.5	-0.5	0.5	1.5	2.5	3.5	4.5	5.5	6.5	7.5	8.5	9.5	10.5	11.5	12.5	13.5	14.5	15.5	16.5	17.5	18.5	19.5	20.5	21.5	22.5	23.5	24.5	25.5	26.5	27.5	28.5	29.5	30.5	31.5	32.5	33.5	34.5	35.5	36.5	37.5	38.5
DFB	mm	mm	mm	mm	mm	mm	mm	mm	mm	mm	mm	mm	mm	mm	mm	mm	mm	mm	mm	mm	mm	mm	mm	mm	mm	mm	mm	mm	mm	mm	mm	mm	mm	mm	mm	mm	mm	mm	mm	mm	mm	mm	mm	mm	mm	mm	mm	mm	mm	mm	mm	mm	mm	mm	mm	mm	mm	mm	mm	mm	mm	mm	mm	mm	mm	mm	mm	mm	mm	mm	mm	mm	mm	mm	mm	mm	mm
-5	-0.33475	-0.15712	-0.14819	-0.06801	-0.00698	0.05427	0.1072	0.09982	0.12607	0.1125	0.04251	0.10055	0.01981	-0.09021	-0.16097	0.09879	-0.04935	-0.01752	0.1365	0.25491	0.0246	0.09615	-0.05879	-0.05049	-0.03551	-0.04771	0.14501	0.20765	0.18022	0.43536	0.42905	0.4237	0.23786	0.26487	0.29397	0.37474	0.37812	0.3041	0.28175	0.28175	0.3041	0.37812	0.37474	0.29397	0.26487	0.23786	0.4237	0.42905	0.43536	0.18022	0.20765	0.14501	-0.04771	-0.03551	-0.05049	-0.05879	0.09615	0.0246	0.25491	0.1365	-0.01752	-0.04935	0.09879	-0.16097	-0.09021	0.01981	0.10055	0.04251	0.1125	0.12607	0.09982	0.1072	0.05427	-0.00698	-0.06801	-0.14819	-0.15712
-4	0	-0.05544	-0.20084	-0.1781	-0.14592	-0.0943	-0.03691	0.014	0	0	0	0	0	0	9.785E-4	-0.0434	0.03135	-0.04982	0.15505	0.07368	0.04011	0.13725	-0.02393	-0.06152	-0.15245	0.04572	-0.00544	0.23918	0.21014	0.14632	0.55916	0.49448	0.11323	0.18376	0.1597	0.15115	0.15997	0.18615	0.22785	0.22785	0.18615	0.15997	0.15115	0.1597	0.18376	0.11323	0.49448	0.55916	0.14632	0.21014	0.23918	-0.00544	0.04572	-0.15245	-0.06152	-0.02393	0.13725	0.04011	0.07368	0.15505	-0.04982	0.03135	-0.0434	9.785E-4	0	0	0	0	0	0	0.014	-0.03691	-0.0943	-0.14592	-0.1781	-0.20084	-0.05544
-3	-0.01081	0.25754	0.16695	0.07942	-0.02614	-0.11552	-0.15215	-0.01452	-0.01907	0.11035	0.08761	0.03939	0.10683	0.02343	-0.17745	-0.19401	-0.31964	-0.15351	-0.08491	0.15803	0.26888	0.27179	0.26073	0.2149	0.2419	-0.16306	0.07806	-0.4238	-0.02349	0.18958	0.39005	0.32195	0.64515	0.52606	0.4814	0.39382	0.37894	0.43674	0.45163	0.45163	0.43674	0.37894	0.39382	0.4814	0.52606	0.64515	0.32195	0.39005	0.18958	-0.02349	-0.4238	0.07806	-0.16306	0.2419	0.2149	0.26073	0.27179	0.26888	0.15803	-0.08491	-0.15351	-0.31964	-0.19401	-0.17745	0.02343	0.10683	0.03939	0.08761	0.11035	-0.01907	-0.01452	-0.15215	-0.11552	-0.02614	0.07942	0.16695	0.25754
-2	-0.24163	0.02673	0.00642	-0.01049	-0.04268	-0.07054	-0.0875	-0.03914	-0.05558	0.00923	0.09299	0.10327	0.27441	0.23676	0.23311	0.14483	0.14636	0.30259	-0.02767	0.01279	-0.20713	-0.02147	-0.03169	-0.27703	-0.04289	-0.18543	-0.19656	-0.17499	0.03951	0.24798	0.18523	0.5645	0.49235	0.77974	0.814	0.71711	0.75303	0.92177	0.95936	0.95936	0.92177	0.75303	0.71711	0.814	0.77974	0.49235	0.5645	0.18523	0.24798	0.03951	-0.17499	-0.19656	-0.18543	-0.04289	-0.27703	-0.03169	-0.02147	-0.20713	0.01279	-0.02767	0.30259	0.14636	0.14483	0.23311	0.23676	0.27441	0.10327	0.09299	0.00923	-0.05558	-0.03914	-0.0875	-0.07054	-0.04268	-0.01049	0.00642	0.02673
-1	0.71253	-0.23341	-0.19728	-0.16277	-0.06998	0.03022	0.1204	0.13305	0.05653	0.11994	0.15688	-0.07703	0.03785	0.11736	0.18718	0.22461	0.27748	0.11839	0.3632	-0.09134	0.04971	-0.0345	-0.28083	-0.47089	-0.25897	0.13306	-0.14957	0.17165	0.44196	0.45779	0.71	0.51774	1.04686	0.83558	0.71379	0.48411	0.4577	0.63456	0.70353	0.70353	0.63456	0.4577	0.48411	0.71379	0.83558	1.04686	0.51774	0.71	0.45779	0.44196	0.17165	-0.14957	0.13306	-0.25897	-0.47089	-0.28083	-0.0345	0.04971	-0.09134	0.3632	0.11839	0.27748	0.22461	0.18718	0.11736	0.03785	-0.07703	0.15688	0.11994	0.05653	0.13305	0.1204	0.03022	-0.06998	-0.16277	-0.19728	-0.23341
0	-0.21404	0.20117	0.12618	0.07072	-0.01637	-0.09801	-0.16279	-0.06409	-0.11861	-0.01406	0.02072	0.0846	0.30065	0.19779	0.16832	0.26569	0.15002	-0.20266	-0.03826	-0.1136	-0.21149	-0.11706	-0.06783	-0.18021	0.07262	0.12279	0.5422	0.31687	0.7875	0.54005	1.45188	0.94961	1.2956	1.22552	1.15652	1.00083	0.99208	1.13024	1.18173	1.18173	1.13024	0.99208	1.00083	1.15652	1.22552	1.2956	0.94961	1.45188	0.54005	0.7875	0.31687	0.5422	0.12279	0.07262	-0.18021	-0.06783	-0.11706	-0.21149	-0.1136	-0.03826	-0.20266	0.15002	0.26569	0.16832	0.19779	0.30065	0.0846	0.02072	-0.01406	-0.11861	-0.06409	-0.16279	-0.09801	-0.01637	0.07072	0.12618	0.20117
1	0	0.05992	0.01064	-0.0299	-0.07153	-0.10183	-0.11494	-0.06541	-0.04257	0.17848	0.0642	0.01635	0.20821	0.11806	0.36601	0.12018	0.33935	0.24429	0.30547	0.38474	0.45156	0.18808	0.28565	-0.02074	0.45344	0.23295	0.50054	0.3455	0.7545	0.5009	0.89136	1.05513	1.25891	1.19755	1.18138	1.12672	1.11905	1.15838	1.15921	1.15921	1.15838	1.11905	1.12672	1.18138	1.19755	1.25891	1.05513	0.89136	0.5009	0.7545	0.3455	0.50054	0.23295	0.45344	-0.02074	0.28565	0.18808	0.45156	0.38474	0.30547	0.24429	0.33935	0.12018	0.36601	0.11806	0.20821	0.01635	0.0642	0.17848	-0.04257	-0.06541	-0.11494	-0.10183	-0.07153	-0.0299	0.01064	0.05992
2	-0.4111	0.25111	0.22384	0.16413	0.07439	-0.0209	-0.10446	-0.10785	-0.19582	-0.0307	-0.06311	0.04105	0.06932	0.07285	0.38281	0.49165	0.54746	0.45607	0.7635	0.54752	0.44666	0.44239	0.78856	0.65974	0.83784	1.22566	1.83455	2.1729	2.36097	2.73025	3.16737	2.62138	3.1462	3.06173	2.97954	2.77986	2.7693	2.94787	3.00893	3.00893	2.94787	2.7693	2.77986	2.97954	3.06173	3.1462	2.62138	3.16737	2.73025	2.36097	2.1729	1.83455	1.22566	0.83784	0.65974	0.78856	0.44239	0.44666	0.54752	0.7635	0.45607	0.54746	0.49165	0.38281	0.07285	0.06932	0.04105	-0.06311	-0.0307	-0.19582	-0.10785	-0.10446	-0.0209	0.07439	0.16413	0.22384	0.25111
3	-0.25663	-0.29479	-0.26779	-0.20812	-0.12924	-0.04039	0.05159	0.1678	0.16579	0.25425	0.39708	0.43088	0.23175	0.27754	0.39245	0.58694	0.44871	0.69949	0.92488	0.99786	1.21432	1.66093	2.05025	2.31601	3.13763	3.3132	4.05159	4.60327	4.54686	5.61322	5.84098	6.02722	6.07787	6.23059	6.24403	6.17127	6.19035	6.3013	6.32603	6.32603	6.3013	6.19035	6.17127	6.24403	6.23059	6.07787	6.02722	5.84098	5.61322	4.54686	4.60327	4.05159	3.3132	3.13763	2.31601	2.05025	1.66093	1.21432	0.99786	0.92488	0.69949	0.44871	0.58694	0.39245	0.27754	0.23175	0.43088	0.39708	0.25425	0.16579	0.1678	0.05159	-0.04039	-0.12924	-0.20812	-0.26779	-0.29479
4	0.01147	-0.04698	-0.07256	-0.09533	-0.10644	-0.10436	-0.08603	0.08255	0.00543	-0.01314	0.04762	0.25785	0.46216	0.49284	0.53184	0.60337	1.39629	1.88858	2.36286	3.03707	3.61605	4.64553	5.18013	6.27954	6.93318	7.38384	8.01955	8.94893	10.04467	10.57928	10.52948	10.93696	10.59335	10.44642	10.15276	9.71487	9.6965	10.09767	10.35459	10.35459	10.09767	9.6965	9.71487	10.15276	10.44642	10.59335	10.93696	10.52948	10.57928	10.04467	8.94893	8.01955	7.38384	6.93318	6.27954	5.18013	4.64553	3.61605	3.03707	2.36286	1.88858	1.39629	0.60337	0.53184	0.49284	0.46216	0.25785	0.04762	-0.01314	0.00543	0.08255	-0.08603	-0.10436	-0.10644	-0.09533	-0.07256	-0.04698
5	-0.00375	0.24782	0.22109	0.19513	0.14729	0.09995	0.06113	0.03036	0.16392	-0.08872	0.1653	0.22563	0.28766	0.72765	0.99753	1.82234	2.44559	3.13161	4.50062	6.03356	7.24827	8.32926	9.88404	10.81665	11.58732	12.44808	12.59579	13.12448	12.75136	13.80008	14.30612	14.78372	14.40748	14.68965	14.53039	14.10941	14.14468	14.63621	14.86601	14.86601	14.63621	14.14468	14.10941	14.53039	14.68965	14.40748	14.78372	14.30612	13.80008	12.75136	13.12448	12.59579	12.44808	11.58732	10.81665	9.88404	8.32926	7.24827	6.03356	4.50062	3.13161	2.44559	1.82234	0.99753	0.72765	0.28766	0.22563	0.1653	-0.08872	0.16392	0.03036	0.06113	0.09995	0.14729	0.19513	0.22109	0.24782
6	0.07834	0.24671	0.20119	0.14778	0.07822	0.01327	-0.03714	-0.12074	-0.06423	-0.02871	-0.09756	0.47146	0.60224	1.09064	2.11811	2.75272	3.71008	5.28643	6.90323	8.59881	10.02306	11.43467	12.70461	14.39244	15.18916	15.23473	15.68393	15.64353	15.93941	16.89961	16.52751	16.67864	15.46466	15.61947	15.30034	14.83646	14.85581	15.35839	15.71623	15.71623	15.35839	14.85581	14.83646	15.30034	15.61947	15.46466	16.67864	16.52751	16.89961	15.93941	15.64353	15.68393	15.23473	15.18916	14.39244	12.70461	11.43467	10.02306	8.59881	6.90323	5.28643	3.71008	2.75272	2.11811	1.09064	0.60224	0.47146	-0.09756	-0.02871	-0.06423	-0.12074	-0.03714	0.01327	0.07822	0.14778	0.20119	0.24671
7	0.1057	-0.06875	-0.07499	-0.08548	-0.07399	-0.04778	-0.0055	-0.11643	-0.0082	0.20574	0.47532	0.85535	1.18137	1.90659	2.42625	3.65539	5.08101	6.02326	7.96549	8.77603	10.50952	11.80683	12.80309	13.95929	14.27585	15.69221	15.50166	16.60432	17.08347	16.91443	17.32537	16.52001	16.13187	15.65573	15.18281	14.63551	14.57599	15.00425	15.35814	15.35814	15.00425	14.57599	14.63551	15.18281	15.65573	16.13187	16.52001	17.32537	16.91443	17.08347	16.60432	15.50166	15.69221	14.27585	13.95929	12.80309	11.80683	10.50952	8.77603	7.96549	6.02326	5.08101	3.65539	2.42625	1.90659	1.18137	0.85535	0.47532	0.20574	-0.0082	-0.11643	-0.0055	-0.04778	-0.07399	-0.08548	-0.07499	-0.06875
8	0.20257	-0.01289	-0.06408	-0.09105	-0.08915	-0.06034	-0.00203	0.13534	0.29115	0.2382	0.38362	0.70219	1.06884	1.5601	2.53972	3.62483	4.67416	6.07364	7.30634	8.97588	9.82606	10.67333	11.36066	11.83342	12.50718	12.91205	13.41567	13.69613	14.37547	14.541	14.78655	14.95677	14.2643	14.07851	13.69674	13.17244	13.14921	13.62707	13.96241	13.96241	13.62707	13.14921	13.17244	13.69674	14.07851	14.2643	14.95677	14.78655	14.541	14.37547	13.69613	13.41567	12.91205	12.50718	11.83342	11.36066	10.67333	9.82606	8.97588	7.30634	6.07364	4.67416	3.62483	2.53972	1.5601	1.06884	0.70219	0.38362	0.2382	0.29115	0.13534	-0.00203	-0.06034	-0.08915	-0.09105	-0.06408	-0.01289
9	-0.36233	0.32394	0.24327	0.20531	0.12572	0.06222	0.03185	0.06617	0.21239	0.47106	0.52094	1.09431	1.17154	1.70351	2.29121	2.95968	3.51606	4.67119	5.34462	6.82941	7.72927	8.48267	9.15344	9.86954	10.53883	11.09809	11.31421	11.41855	11.72079	12.03995	12.12164	12.57341	12.05731	11.70553	11.42428	11.14195	11.09797	11.29237	11.48568	11.48568	11.29237	11.09797	11.14195	11.42428	11.70553	12.05731	12.57341	12.12164	12.03995	11.72079	11.41855	11.31421	11.09809	10.53883	9.86954	9.15344	8.48267	7.72927	6.82941	5.34462	4.67119	3.51606	2.95968	2.29121	1.70351	1.17154	1.09431	0.52094	0.47106	0.21239	0.06617	0.03185	0.06222	0.12572	0.20531	0.24327	0.32394
10	0.01324	-0.0483	-0.05372	-0.04343	-0.00507	0.06424	0.16951	0.34179	0.5508	0.90624	1.12525	1.12443	1.31883	1.68531	1.73179	2.21888	2.58404	3.35746	4.2378	5.39062	6.30696	7.16181	7.59432	8.18041	8.95148	9.37844	9.7489	10.16747	10.11935	10.47796	10.68184	11.12977	10.38282	10.13559	9.81429	9.43958	9.40867	9.72158	9.98108	9.98108	9.72158	9.40867	9.43958	9.81429	10.13559	10.38282	11.12977	10.68184	10.47796	10.11935	10.16747	9.7489	9.37844	8.95148	8.18041	7.59432	7.16181	6.30696	5.39062	4.2378	3.35746	2.58404	2.21888	1.73179	1.68531	1.31883	1.12443	1.12525	0.90624	0.5508	0.34179	0.16951	0.06424	-0.00507	-0.04343	-0.05372	-0.0483
11	-0.16197	-0.05128	-0.08001	-0.07817	-0.06166	-0.01574	0.06608	0.15939	0.501	0.76023	1.02805	1.14459	1.16979	1.10919	1.401	1.79798	2.26152	2.82475	3.27418	4.01189	5.13156	5.70403	6.51677	7.00525	7.25144	7.74352	8.10079	8.23938	8.64403	8.68928	8.49225	8.56259	8.81657	8.53262	8.25487	7.80882	7.77333	8.14838	8.35516	8.35516	8.14838	7.77333	7.80882	8.25487	8.53262	8.81657	8.56259	8.49225	8.68928	8.64403	8.23938	8.10079	7.74352	7.25144	7.00525	6.51677	5.70403	5.13156	4.01189	3.27418	2.82475	2.26152	1.79798	1.401	1.10919	1.16979	1.14459	1.02805	0.76023	0.501	0.15939	0.06608	-0.01574	-0.06166	-0.07817	-0.08001	-0.05128
12	-0.37778	-0.14033	-0.09085	0.00463	0.09735	0.1924	0.28401	0.28855	0.27137	0.53117	0.76357	0.61354	0.93772	1.19854	1.46041	1.83857	2.23119	2.64888	3.13877	3.48816	3.92003	4.64712	4.98144	4.98617	6.02117	6.57574	6.87994	6.95036	6.98457	6.71423	7.36575	6.92013	7.16769	6.89388	6.6915	6.40095	6.36672	6.58882	6.72274	6.72274	6.58882	6.36672	6.40095	6.6915	6.89388	7.16769	6.92013	7.36575	6.71423	6.98457	6.95036	6.87994	6.57574	6.02117	4.98617	4.98144	4.64712	3.92003	3.48816	3.13877	2.64888	2.23119	1.83857	1.46041	1.19854	0.93772	0.61354	0.76357	0.53117	0.27137	0.28855	0.28401	0.1924	0.09735	0.00463	-0.09085	-0.14033
13	-0.3663	0.17755	0.16414	0.19335	0.19059	0.19236	0.20538	0.20525	0.26371	0.4935	0.7439	0.73597	1.05401	0.90974	1.28099	1.3616	1.71607	1.90434	2.24412	2.78927	3.05215	3.49059	3.66028	4.26614	4.93099	4.8979	5.2861	5.36223	5.30468	5.59685	5.75389	6.02614	5.50324	5.38158	5.26905	5.20102	5.1858	5.22343	5.30555	5.30555	5.22343	5.1858	5.20102	5.26905	5.38158	5.50324	6.02614	5.75389	5.59685	5.30468	5.36223	5.2861	4.8979	4.93099	4.26614	3.66028	3.49059	3.05215	2.78927	2.24412	1.90434	1.71607	1.3616	1.28099	0.90974	1.05401	0.73597	0.7439	0.4935	0.26371	0.20525	0.20538	0.19236	0.19059	0.19335	0.16414	0.17755
14	-0.81006	0.15155	0.14718	0.22876	0.25036	0.26836	0.2874	0.33882	0.32743	0.51892	0.51158	0.63568	0.81821	1.02195	1.16628	1.28173	1.7143	1.73315	2.26674	2.26764	2.42752	2.75212	2.80728	3.32139	3.83349	4.02512	4.36246	4.23329	4.68403	4.85275	5.01473	4.50369	4.41494	4.25167	4.13241	4.03082	4.0104	4.07118	4.14963	4.14963	4.07118	4.0104	4.03082	4.13241	4.25167	4.41494	4.50369	5.01473	4.85275	4.68403	4.23329	4.36246	4.02512	3.83349	3.32139	2.80728	2.75212	2.42752	2.26764	2.26674	1.73315	1.7143	1.28173	1.16628	1.02195	0.81821	0.63568	0.51158	0.51892	0.32743	0.33882	0.2874	0.26836	0.25036	0.22876	0.14718	0.15155
15	0.03751	0.30567	0.23844	0.17191	0.08803	0.01905	-0.02015	-0.02029	0.12944	0.36918	0.39368	0.75655	0.73182	1.06008	0.91831	1.107	1.1222	1.43961	1.53543	1.71921	1.88165	2.12765	2.32097	2.82079	2.8555	3.29093	3.3598	3.10461	3.69504	3.757	3.90103	3.91288	3.56357	3.67639	3.63689	3.56815	3.58225	3.67919	3.7469	3.7469	3.67919	3.58225	3.56815	3.63689	3.67639	3.56357	3.91288	3.90103	3.757	3.69504	3.10461	3.3598	3.29093	2.8555	2.82079	2.32097	2.12765	1.88165	1.71921	1.53543	1.43961	1.1222	1.107	0.91831	1.06008	0.73182	0.75655	0.39368	0.36918	0.12944	-0.02029	-0.02015	0.01905	0.08803	0.17191	0.23844	0.30567
16	0.42831	-0.07788	-0.03044	-0.01705	0.04058	0.10972	0.18676	0.20844	0.30106	0.5594	0.47775	0.48089	0.256	0.52956	0.58846	0.72092	0.88292	1.03403	1.25287	1.59948	1.59848	1.82069	1.89636	2.07866	2.04769	2.40801	2.5178	2.82828	2.82607	2.83585	3.06783	3.31112	3.19281	3.36806	3.38949	3.3421	3.36401	3.45521	3.47759	3.47759	3.45521	3.36401	3.3421	3.38949	3.36806	3.19281	3.31112	3.06783	2.83585	2.82607	2.82828	2.5178	2.40801	2.04769	2.07866	1.89636	1.82069	1.59848	1.59948	1.25287	1.03403	0.88292	0.72092	0.58846	0.52956	0.256	0.48089	0.47775	0.5594	0.30106	0.20844	0.18676	0.10972	0.04058	-0.01705	-0.03044	-0.07788
17	-0.02802	0.25335	0.23955	0.22862	0.19267	0.15355	0.11791	0.07092	0.11407	0.03147	0.23547	0.4102	0.44892	0.53626	0.5645	0.90524	0.73968	0.93087	1.07756	1.07724	1.24502	0.96792	1.1726	1.16214	1.08567	1.68612	1.79227	2.04481	2.15797	2.52986	2.80736	2.5703	3.12583	2.80658	2.69265	2.53455	2.49465	2.57293	2.60706	2.60706	2.57293	2.49465	2.53455	2.69265	2.80658	3.12583	2.5703	2.80736	2.52986	2.15797	2.04481	1.79227	1.68612	1.08567	1.16214	1.1726	0.96792	1.24502	1.07724	1.07756	0.93087	0.73968	0.90524	0.5645	0.53626	0.44892	0.4102	0.23547	0.03147	0.11407	0.07092	0.11791	0.15355	0.19267	0.22862	0.23955	0.25335
18	-0.2189	0.22445	0.14724	0.09736	0.02303	-0.03372	-0.05847	0.10129	0.21203	0.38803	0.39284	0.60321	0.54962	0.53415	0.42904	0.49585	0.48637	0.45885	0.75529	0.86112	1.21141	1.19337	1.05372	1.17899	1.07713	1.36064	0.902	1.38693	1.49269	1.56758	1.81911	1.64351	2.07158	1.95289	1.99891	2.07598	2.06115	1.9544	1.87871	1.87871	1.9544	2.06115	2.07598	1.99891	1.95289	2.07158	1.64351	1.81911	1.56758	1.49269	1.38693	0.902	1.36064	1.07713	1.17899	1.05372	1.19337	1.21141	0.86112	0.75529	0.45885	0.48637	0.49585	0.42904	0.53415	0.54962	0.60321	0.39284	0.38803	0.21203	0.10129	-0.05847	-0.03372	0.02303	0.09736	0.14724	0.22445
19	0.0929	0.03019	0.03706	0.03999	0.05274	0.07337	0.10353	0.14854	0.25383	0.33279	0.26403	0.47774	0.36384	0.48424	0.45813	0.57873	0.59782	0.61107	0.56108	0.73809	0.66572	0.93229	0.63055	0.74567	0.82553	1.0957	1.22313	1.34598	1.26011	1.41648	1.66904	1.8051	1.69786	1.85857	1.87284	1.82357	1.84366	1.93311	1.95902	1.95902	1.93311	1.84366	1.82357	1.87284	1.85857	1.69786	1.8051	1.66904	1.41648	1.26011	1.34598	1.22313	1.0957	0.82553	0.74567	0.63055	0.93229	0.66572	0.73809	0.56108	0.61107	0.59782	0.57873	0.45813	0.48424	0.36384	0.47774	0.26403	0.33279	0.25383	0.14854	0.10353	0.07337	0.05274	0.03999	0.03706	0.03019
20	-0.49914	0.25932	0.19489	0.18346	0.12243	0.06833	0.034	0.15535	0.19588	0.18848	0.40836	0.41576	0.39076	0.34584	0.24221	0.46599	0.19628	0.42591	0.51184	0.6846	0.4593	0.51031	0.70676	0.60791	0.64191	0.89584	0.8228	0.97498	1.1201	1.49059	1.24715	1.67081	1.53449	1.66536	1.62881	1.4891	1.50546	1.67789	1.74716	1.74716	1.67789	1.50546	1.4891	1.62881	1.66536	1.53449	1.67081	1.24715	1.49059	1.1201	0.97498	0.8228	0.89584	0.64191	0.60791	0.70676	0.51031	0.4593	0.6846	0.51184	0.42591	0.19628	0.46599	0.24221	0.34584	0.39076	0.41576	0.40836	0.18848	0.19588	0.15535	0.034	0.06833	0.12243	0.18346	0.19489	0.25932
21	0.01236	0.09544	0.06304	0.03065	-0.00675	-0.03735	-0.05533	-0.10885	-0.0074	0.10069	0.13294	0.44743	0.2717	0.25196	0.09243	0.3579	0.53852	0.68505	0.48309	0.58889	0.66273	0.81978	0.44236	0.39826	0.06194	0.48024	0.41122	0.81781	0.96043	0.74047	0.59219	1.1492	1.33244	1.1435	1.06156	0.93605	0.91243	0.99071	1.0254	1.0254	0.99071	0.91243	0.93605	1.06156	1.1435	1.33244	1.1492	0.59219	0.74047	0.96043	0.81781	0.41122	0.48024	0.06194	0.39826	0.44236	0.81978	0.66273	0.58889	0.48309	0.68505	0.53852	0.3579	0.09243	0.25196	0.2717	0.44743	0.13294	0.10069	-0.0074	-0.10885	-0.05533	-0.03735	-0.00675	0.03065	0.06304	0.09544
22	0.16042	0.03454	0.0559	0.06134	0.073	0.08145	0.08527	-0.07795	-0.02762	0.07963	0.41791	0.23406	0.13069	0.03365	-0.0382	0.08826	0.29635	0.53885	0.49008	0.32441	0.33786	0.37247	0.53677	0.33221	0.1831	0.31423	0.6172	0.84301	0.78187	1.24564	1.23377	1.09804	0.71884	0.72506	0.68797	0.69605	0.69683	0.6903	0.72894	0.72894	0.6903	0.69683	0.69605	0.68797	0.72506	0.71884	1.09804	1.23377	1.24564	0.78187	0.84301	0.6172	0.31423	0.1831	0.33221	0.53677	0.37247	0.33786	0.32441	0.49008	0.53885	0.29635	0.08826	-0.0382	0.03365	0.13069	0.23406	0.41791	0.07963	-0.02762	-0.07795	0.08527	0.08145	0.073	0.06134	0.0559	0.03454
23	0.64831	-0.28795	-0.23365	-0.23422	-0.15521	-0.05676	0.05302	0.07552	0.33568	0.21964	0.49259	0.53803	0.15386	0.02011	-0.30818	0.16175	0.14916	0.24929	0.34799	0.2485	0.53104	0.30274	0.45889	0.23846	0.12651	-0.00623	0.11182	0.60183	0.41397	0.40611	0.64428	0.563	1.13225	1.03759	1.02102	0.92193	0.91009	0.98553	0.97843	0.97843	0.98553	0.91009	0.92193	1.02102	1.03759	1.13225	0.563	0.64428	0.40611	0.41397	0.60183	0.11182	-0.00623	0.12651	0.23846	0.45889	0.30274	0.53104	0.2485	0.34799	0.24929	0.14916	0.16175	-0.30818	0.02011	0.15386	0.53803	0.49259	0.21964	0.33568	0.07552	0.05302	-0.05676	-0.15521	-0.23422	-0.23365	-0.28795
24	-0.12137	0.48371	0.38365	0.292	0.14676	0.00367	-0.11796	-0.20863	-0.07221	0.06099	0.05852	0.10356	0.21714	0.35006	0.50647	0.3026	0.34061	0.27295	0.0458	0.09653	0.06852	-0.01686	-0.03514	-0.35819	-0.05734	0.47957	0.34104	0.52507	0.66699	0.87789	0.68814	0.90078	0.55266	0.40301	0.31551	0.28893	0.27022	0.25939	0.30949	0.30949	0.25939	0.27022	0.28893	0.31551	0.40301	0.55266	0.90078	0.68814	0.87789	0.66699	0.52507	0.34104	0.47957	-0.05734	-0.35819	-0.03514	-0.01686	0.06852	0.09653	0.0458	0.27295	0.34061	0.3026	0.50647	0.35006	0.21714	0.10356	0.05852	0.06099	-0.07221	-0.20863	-0.11796	0.00367	0.14676	0.292	0.38365	0.48371
25	-0.05075	0.01806	0.13627	0.08601	0.03619	-0.01594	-0.05073	0.126	-0.07258	0.13659	0.05143	0.33154	0.37609	0.17177	-0.00349	0.07303	0.05832	0.10285	0.03598	0.24656	0.08188	0.31104	0.10449	0.38115	0.12543	-0.06113	0.03818	0.29472	0.14514	0.4153	0.22424	0.55986	0.85642	0.80499	0.79826	0.73396	0.72754	0.77898	0.77285	0.77285	0.77898	0.72754	0.73396	0.79826	0.80499	0.85642	0.55986	0.22424	0.4153	0.14514	0.29472	0.03818	-0.06113	0.12543	0.38115	0.10449	0.31104	0.08188	0.24656	0.03598	0.10285	0.05832	0.07303	-0.00349	0.17177	0.37609	0.33154	0.05143	0.13659	-0.07258	0.126	-0.05073	-0.01594	0.03619	0.08601	0.13627	0.01806
26	0.1794	0.24132	0.13014	0.00409	-0.12372	-0.22665	-0.2868	-0.09453	-0.10638	0.25382	0.08679	0.02471	0.08414	0.15594	-0.15237	0.12091	0.0283	0.05581	0.15642	0.37328	0.34074	0.48396	0.1546	0.08522	0.02928	0.03799	-0.02531	0.49083	0.17456	0.03223	0.31405	0.28183	0.82384	0.70162	0.70551	0.66341	0.64814	0.65968	0.62524	0.62524	0.65968	0.64814	0.66341	0.70551	0.70162	0.82384	0.28183	0.31405	0.03223	0.17456	0.49083	-0.02531	0.03799	0.02928	0.08522	0.1546	0.48396	0.34074	0.37328	0.15642	0.05581	0.0283	0.12091	-0.15237	0.15594	0.08414	0.02471	0.08679	0.25382	-0.10638	-0.09453	-0.2868	-0.22665	-0.12372	0.00409	0.13014	0.24132
27	-0.12004	0.12234	0.11567	0.09939	0.06508	0.0303	0.00204	0.08627	-0.00722	0.0021	0.02941	0.23131	0.11146	0.04446	-0.10812	0.1481	0.01772	0.04151	-0.12666	0.1187	0.07733	0.11106	0.23252	0.17924	0.06588	-0.06759	0.34344	0.40185	0.17913	0.35248	-0.12126	0.6181	0.39076	0.28804	0.279	0.33093	0.31809	0.24048	0.22384	0.22384	0.24048	0.31809	0.33093	0.279	0.28804	0.39076	0.6181	-0.12126	0.35248	0.17913	0.40185	0.34344	-0.06759	0.06588	0.17924	0.23252	0.11106	0.07733	0.1187	-0.12666	0.04151	0.01772	0.1481	-0.10812	0.04446	0.11146	0.23131	0.02941	0.0021	-0.00722	0.08627	0.00204	0.0303	0.06508	0.09939	0.11567	0.12234
28	0.21162	0.13241	0.09832	0.04586	-1.248E-4	-0.03494	-0.05122	-0.03981	0.07184	0.13226	0.27026	0.23655	0.05873	-0.00995	-0.08131	-0.14065	0.10281	0.01092	0.06702	0.14552	0.18213	0.02173	-0.10159	-0.06336	-0.24937	-0.27663	-0.20606	-0.03813	0.14923	0.55444	0.82132	0.8532	1.15729	0.97654	0.86972	0.68825	0.66566	0.80194	0.86358	0.86358	0.80194	0.66566	0.68825	0.86972	0.97654	1.15729	0.8532	0.82132	0.55444	0.14923	-0.03813	-0.20606	-0.27663	-0.24937	-0.06336	-0.10159	0.02173	0.18213	0.14552	0.06702	0.01092	0.10281	-0.14065	-0.08131	-0.00995	0.05873	0.23655	0.27026	0.13226	0.07184	-0.03981	-0.05122	-0.03494	-1.248E-4	0.04586	0.09832	0.13241
29	-0.63176	0.2676	0.18185	0.15953	0.07561	-0.00339	-0.06313	0.13256	-0.06974	0.09588	0.17837	0.23846	0.34457	0.38284	0.33708	0.07872	-0.05313	-0.04792	0.01126	0.11241	0.18013	0.20115	-0.00627	-0.15115	-0.0442	-0.05953	0.18381	0.16787	0.13985	0.44362	0.22079	0.63432	0.54347	0.10448	-0.08234	-0.21095	-0.26582	-0.24697	-0.16989	-0.16989	-0.24697	-0.26582	-0.21095	-0.08234	0.10448	0.54347	0.63432	0.22079	0.44362	0.13985	0.16787	0.18381	-0.05953	-0.0442	-0.15115	-0.00627	0.20115	0.18013	0.11241	0.01126	-0.04792	-0.05313	0.07872	0.33708	0.38284	0.34457	0.23846	0.17837	0.09588	-0.06974	0.13256	-0.06313	-0.00339	0.07561	0.15953	0.18185	0.2676
30	0.39168	0.01911	-0.02008	-0.09519	-0.14062	-0.16836	-0.17256	-0.11894	-0.01363	0.04585	0.0844	0.12527	0.17389	0.13036	0.33807	0.00926	-0.15535	0.04091	0.02773	0.28599	0.01177	0.15444	0.06338	-0.13239	-0.05735	-0.20454	0.17739	0.06186	-0.04449	0.29589	0.59862	0.80034	0.2831	0.26333	0.15749	0.04761	0.04514	0.15007	0.25097	0.25097	0.15007	0.04514	0.04761	0.15749	0.26333	0.2831	0.80034	0.59862	0.29589	-0.04449	0.06186	0.17739	-0.20454	-0.05735	-0.13239	0.06338	0.15444	0.01177	0.28599	0.02773	0.04091	-0.15535	0.00926	0.33807	0.13036	0.17389	0.12527	0.0844	0.04585	-0.01363	-0.11894	-0.17256	-0.16836	-0.14062	-0.09519	-0.02008	0.01911
31	-0.11122	-0.05414	-0.04549	-0.06873	-0.08847	-0.10005	-0.09647	-0.00419	0.01639	0.08251	0.16363	0.23935	0.26506	0.1863	0.04425	0.35546	0.05562	0.0674	0.05011	0.06196	-0.02084	-0.07531	-0.0533	-0.07758	-0.25811	-0.11337	0.00908	0.13184	0.12384	0.3003	0.27336	0.50046	0.53101	0.55758	0.51027	0.3814	0.38472	0.52024	0.57418	0.57418	0.52024	0.38472	0.3814	0.51027	0.55758	0.53101	0.50046	0.27336	0.3003	0.12384	0.13184	0.00908	-0.11337	-0.25811	-0.07758	-0.0533	-0.07531	-0.02084	0.06196	0.05011	0.0674	0.05562	0.35546	0.04425	0.1863	0.26506	0.23935	0.16363	0.08251	0.01639	-0.00419	-0.09647	-0.10005	-0.08847	-0.06873	-0.04549	-0.05414
32	-0.16704	0.1707	0.15733	0.11369	0.04572	-0.02041	-0.07164	-0.00713	0.03917	0.00426	0.02619	0.12474	0.14186	0.12321	-0.01469	-0.15445	-0.16518	-0.28433	-0.171	0.03023	0.28001	0.12426	0.10391	0.09157	0.26369	0.42199	0.4703	0.10459	0.31074	-0.1248	0.10341	0.12521	-0.10583	-0.37886	-0.47311	-0.46781	-0.50194	-0.57549	-0.5495	-0.5495	-0.57549	-0.50194	-0.46781	-0.47311	-0.37886	-0.10583	0.12521	0.10341	-0.1248	0.31074	0.10459	0.4703	0.42199	0.26369	0.09157	0.10391	0.12426	0.28001	0.03023	-0.171	-0.28433	-0.16518	-0.15445	-0.01469	0.12321	0.14186	0.12474	0.02619	0.00426	0.03917	-0.00713	-0.07164	-0.02041	0.04572	0.11369	0.15733	0.1707
33	-0.14498	0.00584	0.01929	0.04545	0.05867	0.06428	0.0603	-0.03305	0.11908	0.0071	-0.18357	-0.16265	-0.17859	-0.19937	-0.15986	0.02864	-0.08265	0.15124	0.25713	0.30777	0.45739	0.19108	-0.01643	0.03809	-0.14546	-0.09992	-0.02003	0.09149	-0.05942	0.34521	0.30927	0.46529	0.28696	0.13959	0.075	0.05617	0.03774	0.01973	0.04748	0.04748	0.01973	0.03774	0.05617	0.075	0.13959	0.28696	0.46529	0.30927	0.34521	-0.05942	0.09149	-0.02003	-0.09992	-0.14546	0.03809	-0.01643	0.19108	0.45739	0.30777	0.25713	0.15124	-0.08265	0.02864	-0.15986	-0.19937	-0.17859	-0.16265	-0.18357	0.0071	0.11908	-0.03305	0.0603	0.06428	0.05867	0.04545	0.01929	0.00584
34	-0.36498	0.43948	0.36774	0.20118	0.00421	-0.18453	-0.28558	-0.342	-0.13635	-0.15126	-0.02839	0.06564	0.3169	0.08267	0.04258	-0.08878	0.04045	-0.07381	0.28734	0.33151	0.26713	0.25786	0.07597	0.00921	-0.10449	-0.07629	-0.45098	-0.26979	-0.12133	0.02137	0.15766	0.35786	0.14693	0.1057	0.06233	0.02865	0.0235	0.04687	0.07994	0.07994	0.04687	0.0235	0.02865	0.06233	0.1057	0.14693	0.35786	0.15766	0.02137	-0.12133	-0.26979	-0.45098	-0.07629	-0.10449	0.00921	0.07597	0.25786	0.26713	0.33151	0.28734	-0.07381	0.04045	-0.08878	0.04258	0.08267	0.3169	0.06564	-0.02839	-0.15126	-0.13635	-0.342	-0.28558	-0.18453	0.00421	0.20118	0.36774	0.43948
35	0.19595	0.1378	-0.06884	-0.11691	-0.15943	-0.17409	-0.16602	-0.17097	0.01194	0.12461	0.16441	0.27339	0.09305	-0.08052	-0.10625	-0.17425	-0.18805	0.02624	-0.07388	0.13536	0.27004	0.18155	-0.01823	0.17973	-0.32084	-0.19736	-0.17018	-0.23604	-0.26273	0.06256	-0.19978	0.13189	-0.01169	-0.11073	-0.12058	-0.07097	-0.08335	-0.15772	-0.17263	-0.17263	-0.15772	-0.08335	-0.07097	-0.12058	-0.11073	-0.01169	0.13189	-0.19978	0.06256	-0.26273	-0.23604	-0.17018	-0.19736	-0.32084	0.17973	-0.01823	0.18155	0.27004	0.13536	-0.07388	0.02624	-0.18805	-0.17425	-0.10625	-0.08052	0.09305	0.27339	0.16441	0.12461	0.01194	-0.17097	-0.16602	-0.17409	-0.15943	-0.11691	-0.06884	0.1378
36	0.24891	-0.08758	-0.14858	-0.16115	-0.14957	-0.12825	-0.10526	-0.22934	-0.01652	-0.01245	0	0.16193	-0.04654	-0.00622	0.04534	0.22919	0.1024	0.14694	0.03635	-0.13481	-0.0883	-0.18427	-0.36625	-0.24047	-0.40932	-0.01451	-0.0987	0.35369	0.34185	0.67606	0.46923	0.39462	0.40308	0.14517	0.01282	-0.10564	-0.13788	-0.08389	-0.01603	-0.01603	-0.08389	-0.13788	-0.10564	0.01282	0.14517	0.40308	0.39462	0.46923	0.67606	0.34185	0.35369	-0.0987	-0.01451	-0.40932	-0.24047	-0.36625	-0.18427	-0.0883	-0.13481	0.03635	0.14694	0.1024	0.22919	0.04534	-0.00622	-0.04654	0.16193	0	-0.01245	-0.01652	-0.22934	-0.10526	-0.12825	-0.14957	-0.16115	-0.14858	-0.08758
37	0.06664	0.02378	-0.0853	-0.08604	-0.08495	-0.07388	-0.06116	-0.17529	0.02043	-0.09238	0.20461	-0.03886	0.12066	0.08643	-5.167E-4	0.24349	0.36673	0.34342	0.0322	0.02816	0.06771	-0.27916	-0.1824	-0.35309	-0.13227	-0.19205	-0.21312	0.15433	0.05475	0.38341	0.03962	0.12263	0.22265	0.1678	0.14955	0.12225	0.11539	0.12898	0.13352	0.13352	0.12898	0.11539	0.12225	0.14955	0.1678	0.22265	0.12263	0.03962	0.38341	0.05475	0.15433	-0.21312	-0.19205	-0.13227	-0.35309	-0.1824	-0.27916	0.06771	0.02816	0.0322	0.34342	0.36673	0.24349	-5.167E-4	0.08643	0.12066	-0.03886	0.20461	-0.09238	0.02043	-0.17529	-0.06116	-0.07388	-0.08495	-0.08604	-0.0853	0.02378
38	0	0.09211	-0.01269	-0.02954	-0.05265	-0.06386	-0.06519	-0.02457	-0.00884	0	0	0.10228	0.14082	0.02533	-0.11126	-0.01676	-0.2359	-0.11038	-0.03586	0.1922	0.04543	0.14369	0.06165	-0.22885	-0.13786	-0.23735	-0.06073	0.03117	-0.32003	0.04834	0.37142	0.70579	0.20861	0.15071	0.05549	-0.02527	-0.0325	0.03378	0.11452	0.11452	0.03378	-0.0325	-0.02527	0.05549	0.15071	0.20861	0.70579	0.37142	0.04834	-0.32003	0.03117	-0.06073	-0.23735	-0.13786	-0.22885	0.06165	0.14369	0.04543	0.1922	-0.03586	-0.11038	-0.2359	-0.01676	-0.11126	0.02533	0.14082	0.10228	0	0	-0.00884	-0.02457	-0.06519	-0.06386	-0.05265	-0.02954	-0.01269	0.09211
39	-0.24052	-0.04564	-0.02619	0.01673	0.04669	0.06989	0.08298	0.08719	-0.02868	-0.02713	0.01377	0.1738	0.20934	-0.09847	-0.07606	0.15385	5.587E-4	0.16825	-0.21546	-0.13501	-0.18385	-0.14408	-0.20299	-0.15642	-0.08352	-0.25144	0.275	0.48424	0.18527	0.3951	0.17744	0.52641	0.27361	0.11245	0.02965	-0.05369	-0.07384	-0.03078	0.01173	0.01173	-0.03078	-0.07384	-0.05369	0.02965	0.11245	0.27361	0.52641	0.17744	0.3951	0.18527	0.48424	0.275	-0.25144	-0.08352	-0.15642	-0.20299	-0.14408	-0.18385	-0.13501	-0.21546	0.16825	5.587E-4	0.15385	-0.07606	-0.09847	0.20934	0.1738	0.01377	-0.02713	-0.02868	0.08719	0.08298	0.06989	0.04669	0.01673	-0.02619	-0.04564
40	-0.10018	0.06644	0.03935	0.02268	-0.00489	-0.02881	-0.04476	-0.03411	-0.05563	0.12728	0.09416	0.14866	0.18267	0.00444	-0.04796	0.06573	-0.14611	-0.01298	0.03924	-0.06833	0.05878	-0.05225	-0.09624	-0.23366	-0.15338	-0.23804	0.08276	0.1305	0	0.17462	0.2679	0.51694	0.52613	0.46005	0.41657	0.32173	0.31347	0.39179	0.41875	0.41875	0.39179	0.31347	0.32173	0.41657	0.46005	0.52613	0.51694	0.2679	0.17462	0	0.1305	0.08276	-0.23804	-0.15338	-0.23366	-0.09624	-0.05225	0.05878	-0.06833	0.03924	-0.01298	-0.14611	0.06573	-0.04796	0.00444	0.18267	0.14866	0.09416	0.12728	-0.05563	-0.03411	-0.04476	-0.02881	-0.00489	0.02268	0.03935	0.06644
41	-0.16197	0.20806	0.21941	0.14784	0.05101	-0.04272	-0.07122	-0.04684	0.04935	0.03422	0.08771	0	0.06233	0.14133	-0.06568	-0.10054	-0.28262	-0.1952	-0.06327	-0.10427	-0.17435	-0.1823	-0.11513	-0.03375	-0.04783	-0.07885	-0.08782	0.10144	0.0443	0.20115	0.09745	0.12749	0.17147	0.07803	0.07999	0.04702	0.03534	0.04496	0.01963	0.01963	0.04496	0.03534	0.04702	0.07999	0.07803	0.17147	0.12749	0.09745	0.20115	0.0443	0.10144	-0.08782	-0.07885	-0.04783	-0.03375	-0.11513	-0.1823	-0.17435	-0.10427	-0.06327	-0.1952	-0.28262	-0.10054	-0.06568	0.14133	0.06233	0	0.08771	0.03422	0.04935	-0.04684	-0.07122	-0.04272	0.05101	0.14784	0.21941	0.20806
42	0	-0.01252	-0.0302	-0.0394	-0.04684	-0.05111	-0.05202	-0.0584	0	0	0	0	0.02356	0.13607	-0.04375	-0.13811	0.10888	-0.07675	-0.15752	0.05978	0.09629	-0.05717	0.05106	-0.03236	0.13358	0.13814	0.01963	0.12345	0.18506	-0.15166	-0.13612	0.07345	0	-0.05125	-0.07101	-0.08414	-0.09055	-0.09023	-0.08328	-0.08328	-0.09023	-0.09055	-0.08414	-0.07101	-0.05125	0	0.07345	-0.13612	-0.15166	0.18506	0.12345	0.01963	0.13814	0.13358	-0.03236	0.05106	-0.05717	0.09629	0.05978	-0.15752	-0.07675	0.10888	-0.13811	-0.04375	0.13607	0.02356	0	0	0	0	-0.0584	-0.05202	-0.05111	-0.04684	-0.0394	-0.0302	-0.01252
43	-0.08849	-0.02364	0.00466	0.00716	0.00663	0.00384	0	0	0	0	0	0	0.04889	-0.0568	-0.01095	-0.04285	-0.01297	-0.04113	0.01892	0.07331	-0.053	-0.09725	-0.09633	-0.0309	-0.02885	-0.27388	-0.09408	-0.07726	-0.00809	-0.00505	-0.02899	0.20323	0.18212	0.08955	0.03037	-0.04713	-0.0587	-0.00434	0.0317	0.0317	-0.00434	-0.0587	-0.04713	0.03037	0.08955	0.18212	0.20323	-0.02899	-0.00505	-0.00809	-0.07726	-0.09408	-0.27388	-0.02885	-0.0309	-0.09633	-0.09725	-0.053	0.07331	0.01892	-0.04113	-0.01297	-0.04285	-0.01095	-0.0568	0.04889	0	0	0	0	0	0	0.00384	0.00663	0.00716	0.00466	-0.02364
44	0	0.00894	0.00385	-0.00863	-0.02187	-0.03408	-0.04341	-0.05159	-0.03359	8.58376E-4	0	-3.562E-5	0	0	-0.03737	0	0.00439	0.09555	0.08029	0.08244	0.04153	0.02371	-0.12303	-0.06127	-0.24619	-0.22251	-0.16747	-0.1335	0.01657	0.04645	0.16709	0.14714	0.19372	0.15338	0.14146	0.13156	0.12652	0.12633	0.12816	0.12816	0.12633	0.12652	0.13156	0.14146	0.15338	0.19372	0.14714	0.16709	0.04645	0.01657	-0.1335	-0.16747	-0.22251	-0.24619	-0.06127	-0.12303	0.02371	0.04153	0.08244	0.08029	0.09555	0.00439	0	-0.03737	0	0	-3.562E-5	0	8.58376E-4	-0.03359	-0.05159	-0.04341	-0.03408	-0.02187	-0.00863	0.00385	0.00894
45	0.01478	0.04881	0.05274	0.04719	0.03892	0.02781	0.01521	0.00154	-0.01039	0.01348	-0.05714	-0.05496	-0.0264	0.01082	-0.01158	-0.00917	-0.02065	0	0	0	0	0	-0.05101	-0.07153	0.01647	-0.04719	-0.01854	-0.03187	0	0	0	0	0	0	-0.04936	-0.06911	-0.06911	-0.04936	0	0	-0.04936	-0.06911	-0.06911	-0.04936	0	0	0	0	0	0	-0.03187	-0.01854	-0.04719	0.01647	-0.07153	-0.05101	0	0	0	0	0	-0.02065	-0.00917	-0.01158	0.01082	-0.0264	-0.05496	-0.05714	0.01348	-0.01039	0.00154	0.01521	0.02781	0.03892	0.04719	0.05274	0.04881
