lateral	-37.5	-36.5	-35.5	-34.5	-33.5	-32.5	-31.5	-30.5	-29.5	-28.5	-27.5	-26.5	-25.5	-24.5	-23.5	-22.5	-21.5	-20.5	-19.5	-18.5	-17.5	-16.5	-15.5	-14.5	-13.5	-12.5	-11.5	-10.5	-9.5	-8.5	-7.5	-6.5	-5.5	-4.5	-3.5	-2.5	-1.5	-0.5	0.5	1.5	2.5	3.5	4.5	5.5	6.5	7.5	8.5	9.5	10.5	11.5	12.5	13.5	14.5	15.5	16.5	17.5	18.5	19.5	20.5	21.5	22.5	23.5	24.5	25.5	26.5	27.5	28.5	29.5	30.5	31.5	32.5	33.5	34.5	35.5	36.5	37.5	38.5
DFB	mm	mm	mm	mm	mm	mm	mm	mm	mm	mm	mm	mm	mm	mm	mm	mm	mm	mm	mm	mm	mm	mm	mm	mm	mm	mm	mm	mm	mm	mm	mm	mm	mm	mm	mm	mm	mm	mm	mm	mm	mm	mm	mm	mm	mm	mm	mm	mm	mm	mm	mm	mm	mm	mm	mm	mm	mm	mm	mm	mm	mm	mm	mm	mm	mm	mm	mm	mm	mm	mm	mm	mm	mm	mm	mm	mm	mm
-5	0.08738	0.0021	0.00172	0	0	0	0	0	0	0	0	0	0	0	0	0	0	0	0	0	0	0	0	0	0	0	0	0	0	0	0	0	0	0	0	0	0	0	0	0	0	0	0	0	0	0	0	0	0	0	0	0	0	0	0	0	0	0	0	0	0	0	0	0	0	0	0	0	0	0	0	0	0	0	0	0.00172	0.0021
-4	0.23302	0.00561	0.00459	0	0	0	0	0	0	0	0	0	0	0	0	0	0	0	0	0	0	0	0	0	0	0	0	0	0	0	0	0	0	0	0	0	0	0	0	0	0	0	0	0	0	0	0	0	0	0	0	0	0	0	0	0	0	0	0	0	0	0	0	0	0	0	0	0	0	0	0	0	0	0	0	0.00459	0.00561
-3	0	0	0	0	0	0	0	0	0	0	0	0	0	0	0	0	0	0	0	0	0	0	0	0	0	0	0	0	0	0	0	0	0	0	0	0	0	0	0	0	0	0	0	0	0	0	0	0	0	0	0	0	0	0	0	0	0	0	0	0	0	0	0	0	0	0	0	0	0	0	0	0	0	0	0	0	0
-2	0.17543	0	0	0	0	0	0	0	0	0	0	0	0	0	0	0	0	0	0	0	0	0	0	0	0	0	0	0	0	0	0	0	0	0	0	0	0	0	0	0	0	0	0	0	0	0	0	0	0	0	0	0	0	0	0	0	0	0	0	0	0	0	0	0	0	0	0	0	0	0	0	0	0	0	0	0	0
-1	0.26347	-0.0042	-0.00344	0	0	0	0	0	0	0	0	0	0	0	0	0	0	0	0	0	0	0	0	0	0	0	0	0	0	0	0	0	0	0	0	0	0	0	0	0	0	0	0	0	0	0	0	0	0	0	0	0	0	0	0	0	0	0	0	0	0	0	0	0	0	0	0	0	0	0	0	0	0	0	0	-0.00344	-0.0042
0	-0.05826	0	0	0	0	0	0	0	0	0	0	0	0	0	0	0	0	0	0	0	0	0	0	0	0	0	0	0	0	0	0	0	0	0	0	0	0	0	0	0	0	0	0	0	0	0	0	0	0	0	0	0	0	0	0	0	0	0	0	0	0	0	0	0	0	0	0	0	0	0	0	0	0	0	0	0	0
1	-0.25531	0	0	0	0	0	0	0	0	0	0	0	0	0	0	0	0	0	0	0	0	0	0	0	0	0	0	0	0	0	0	0	0	0	0	0	0	0	0	0	0	0	0	0	0	0	0	0	0	0	0	0	0	0	0	0	0	0	0	0	0	0	0	0	0	0	0	0	0	0	0	0	0	0	0	0	0
2	0.15116	-0.00311	-0.00569	0	0	0	0	0	0	0	0	0	0	0	0	0	0	0	0	0	0	0	0	0	0	0	0	0	0	0	0	0	0	0	0	0	0	0	0	0	0	0	0	0	0	0	0	0	0	0	0	0	0	0	0	0	0	0	0	0	0	0	0	0	0	0	0	0	0	0	0	0	0	0	0	-0.00569	-0.00311
3	0.63684	-0.13076	-0.10549	-0.06123	-0.01595	0	0	0	0	0	0	0	0	0	0	0	0	0	0	0	0	0	0	0	0	0	0	0	0	0	0	0	-0.02285	-0.16405	-0.23183	-0.29578	-0.31343	-0.28477	-0.25229	-0.25229	-0.28477	-0.31343	-0.29578	-0.23183	-0.16405	-0.02285	0	0	0	0	0	0	0	0	0	0	0	0	0	0	0	0	0	0	0	0	0	0	0	0	0	0	0	-0.01595	-0.06123	-0.10549	-0.13076
4	0.51547	0	0	0	0	0	0	0	0	0	-0.03965	-0.00724	0	0	0	0	0	0	0	0	0	0	0	0	0	0	-0.23369	0	-0.96516	-0.42329	-2.55555	-2.05544	-2.17328	-2.22486	-2.18242	-2.03269	-2.03913	-2.20176	-2.2571	-2.2571	-2.20176	-2.03913	-2.03269	-2.18242	-2.22486	-2.17328	-2.05544	-2.55555	-0.42329	-0.96516	0	-0.23369	0	0	0	0	0	0	0	0	0	0	0	0	0	0	-0.00724	-0.03965	0	0	0	0	0	0	0	0	0
5	-0.46251	0	0	0	0	0	0	0	0	0	0	0	0	0	0	0	0	0	0	0	0	0	-0.10227	0	-1.2083	-0.54954	-1.94274	-1.25855	-1.53697	-0.58269	0.00706	1.58449	2.28333	3.45935	4.35027	5.2529	5.39991	4.79127	4.19437	4.19437	4.79127	5.39991	5.2529	4.35027	3.45935	2.28333	1.58449	0.00706	-0.58269	-1.53697	-1.25855	-1.94274	-0.54954	-1.2083	0	-0.10227	0	0	0	0	0	0	0	0	0	0	0	0	0	0	0	0	0	0	0	0	0
6	0.17146	0	0	0	0	0	0	0	0	0	0	0	0	0	0	0	-0.0426	0	-0.03807	0	-0.49882	0	-1.3774	-0.6501	-0.56963	0.18051	0.67118	2.13693	3.61952	6.12081	8.41549	9.98172	12.13029	13.36538	14.38852	15.22725	15.38164	14.85172	14.13732	14.13732	14.85172	15.38164	15.22725	14.38852	13.36538	12.13029	9.98172	8.41549	6.12081	3.61952	2.13693	0.67118	0.18051	-0.56963	-0.6501	-1.3774	0	-0.49882	0	-0.03807	0	-0.0426	0	0	0	0	0	0	0	0	0	0	0	0	0	0	0
7	0.06929	0.11617	0.12194	0.01752	0	0	0	0	0	0	-0.0165	0	0	0	-0.14414	0	-0.17897	0	-0.3624	0	-0.86207	-0.15662	0.62547	1.67384	2.87718	5.17312	7.49916	10.16455	12.56477	15.58291	18.2576	20.4176	22.6492	23.8752	25.0597	26.1921	26.3453	25.5195	24.6414	24.6414	25.5195	26.3453	26.1921	25.0597	23.8752	22.6492	20.4176	18.2576	15.58291	12.56477	10.16455	7.49916	5.17312	2.87718	1.67384	0.62547	-0.15662	-0.86207	0	-0.3624	0	-0.17897	0	-0.14414	0	0	0	-0.0165	0	0	0	0	0	0	0.01752	0.12194	0.11617
8	0.77895	-0.10937	-0.14607	-0.11634	-0.10812	-0.00816	0.04438	0.13573	-0.11469	-0.0438	-0.18003	0	-0.08678	0	-0.50632	0	-0.81509	0.00236	0.022	0.90842	1.2217	2.85357	4.59095	7.20096	10.28821	13.44405	17.23319	20.846	24.2321	27.2153	29.4003	31.3221	31.6802	32.348	32.8532	33.3588	33.4422	33.1037	32.7654	32.7654	33.1037	33.4422	33.3588	32.8532	32.348	31.6802	31.3221	29.4003	27.2153	24.2321	20.846	17.23319	13.44405	10.28821	7.20096	4.59095	2.85357	1.2217	0.90842	0.022	0.00236	-0.81509	0	-0.50632	0	-0.08678	0	-0.18003	-0.0438	-0.11469	0.13573	0.04438	-0.00816	-0.10812	-0.11634	-0.14607	-0.10937
9	0.23964	0	-0.05673	-0.03179	-0.09462	-0.13586	-0.01014	0.00583	-0.1584	-0.21424	-0.26408	0	-0.44702	0	-0.58823	-0.00169	0.0426	0.79291	1.53628	2.96927	4.96299	7.74568	11.4423	15.4145	19.7113	23.9859	27.4345	31.1548	33.5357	35.174	35.9475	36.3016	36.4018	36.1475	35.9095	35.5875	35.5557	35.8141	35.9885	35.9885	35.8141	35.5557	35.5875	35.9095	36.1475	36.4018	36.3016	35.9475	35.174	33.5357	31.1548	27.4345	23.9859	19.7113	15.4145	11.4423	7.74568	4.96299	2.96927	1.53628	0.79291	0.0426	-0.00169	-0.58823	0	-0.44702	0	-0.26408	-0.21424	-0.1584	0.00583	-0.01014	-0.13586	-0.09462	-0.03179	-0.05673	0
10	0.07591	-0.1253	-0.05688	0.00176	0.07093	0.12588	0.15609	-0.06551	0.00453	-0.09899	-0.05197	-0.00308	-0.09822	-0.02547	-0.09495	0.18828	0.97958	2.21294	3.75176	6.37035	9.91418	14.52868	19.28017	24.9353	28.8209	32.9436	35.5162	37.7165	37.971	37.1405	36.0074	33.5212	32.0929	31.1057	30.2762	29.6558	29.5324	29.9061	30.4887	30.4887	29.9061	29.5324	29.6558	30.2762	31.1057	32.0929	33.5212	36.0074	37.1405	37.971	37.7165	35.5162	32.9436	28.8209	24.9353	19.28017	14.52868	9.91418	6.37035	3.75176	2.21294	0.97958	0.18828	-0.09495	-0.02547	-0.09822	-0.00308	-0.05197	-0.09899	0.00453	-0.06551	0.15609	0.12588	0.07093	0.00176	-0.05688	-0.1253
11	0.45633	0.1946	0.14811	0.05473	-0.02696	-0.1003	-0.15646	-0.33001	-0.20514	-0.17366	0.25946	0.31426	0.20179	0.38594	0.73488	1.14616	2.59562	4.08803	6.9681	11.01017	15.63298	20.9394	26.1554	30.5973	34.3362	36.7718	36.647	35.7587	34.4829	30.6352	28.7645	25.6553	23.1717	22.0819	21.0895	20.4207	20.2845	20.6808	21.4007	21.4007	20.6808	20.2845	20.4207	21.0895	22.0819	23.1717	25.6553	28.7645	30.6352	34.4829	35.7587	36.647	36.7718	34.3362	30.5973	26.1554	20.9394	15.63298	11.01017	6.9681	4.08803	2.59562	1.14616	0.73488	0.38594	0.20179	0.31426	0.25946	-0.17366	-0.20514	-0.33001	-0.15646	-0.1003	-0.02696	0.05473	0.14811	0.1946
12	0.95482	-0.37454	-0.30225	-0.31272	-0.21287	-0.0872	0.05354	0.09692	0.20343	0.34124	0.37691	0.55227	0.26255	0.5284	0.81179	2.24726	4.20804	7.13221	11.10258	15.61791	20.81858	25.5428	30.1321	33.2414	34.5227	34.3692	32.2242	29.2676	25.7513	21.7288	19.1673	15.94835	14.16061	13.63365	13.13706	12.99069	12.92482	12.93944	13.3043	13.3043	12.93944	12.92482	12.99069	13.13706	13.63365	14.16061	15.94835	19.1673	21.7288	25.7513	29.2676	32.2242	34.3692	34.5227	33.2414	30.1321	25.5428	20.81858	15.61791	11.10258	7.13221	4.20804	2.24726	0.81179	0.5284	0.26255	0.55227	0.37691	0.34124	0.20343	0.09692	0.05354	-0.0872	-0.21287	-0.31272	-0.30225	-0.37454
13	0.30408	-0.21803	-0.11215	-0.03026	0.09513	0.21763	0.32371	0.18174	0.21605	0.30279	0.33424	0.34667	0.31857	1.19056	2.38256	4.46824	6.94623	10.48222	14.47327	18.77925	23.0117	26.2097	28.5876	28.3959	27.9144	25.6752	23.0473	19.8379	16.3594	13.41805	12.26918	10.85883	11.61937	11.5575	11.68933	11.88943	11.8817	11.66613	11.51884	11.51884	11.66613	11.8817	11.88943	11.68933	11.5575	11.61937	10.85883	12.26918	13.41805	16.3594	19.8379	23.0473	25.6752	27.9144	28.3959	28.5876	26.2097	23.0117	18.77925	14.47327	10.48222	6.94623	4.46824	2.38256	1.19056	0.31857	0.34667	0.33424	0.30279	0.21605	0.18174	0.32371	0.21763	0.09513	-0.03026	-0.11215	-0.21803
14	0.61477	-0.04571	0.0113	0.01277	0.06328	0.11991	0.17791	-0.05958	0.13955	0.05563	0.20165	0.65354	1.0079	1.81989	3.39702	5.59554	9.01659	12.85531	16.6928	20.46526	23.185	25.1267	25.2495	24.2738	21.5797	17.95316	14.62006	11.52266	9.92391	8.85129	8.52756	9.30184	9.16973	10.1361	10.60611	10.97757	11.09836	10.96849	10.74007	10.74007	10.96849	11.09836	10.97757	10.60611	10.1361	9.16973	9.30184	8.52756	8.85129	9.92391	11.52266	14.62006	17.95316	21.5797	24.2738	25.2495	25.1267	23.185	20.46526	16.6928	12.85531	9.01659	5.59554	3.39702	1.81989	1.0079	0.65354	0.20165	0.05563	0.13955	-0.05958	0.17791	0.11991	0.06328	0.01277	0.0113	-0.04571
15	0.64037	0.12753	0.13777	0.09332	0.08993	0.10445	0.14177	0.03532	0.05574	0.31422	0.39164	1.15182	1.74141	3.01375	4.66777	7.30621	10.96214	13.99373	17.10762	19.18958	20.90388	21.1095	19.89782	18.35285	15.18916	12.10414	9.22325	7.80309	7.1976	6.78579	7.20222	8.16626	8.86237	9.58001	10.08399	10.47935	10.56906	10.3531	10.02853	10.02853	10.3531	10.56906	10.47935	10.08399	9.58001	8.86237	8.16626	7.20222	6.78579	7.1976	7.80309	9.22325	12.10414	15.18916	18.35285	19.89782	21.1095	20.90388	19.18958	17.10762	13.99373	10.96214	7.30621	4.66777	3.01375	1.74141	1.15182	0.39164	0.31422	0.05574	0.03532	0.14177	0.10445	0.08993	0.09332	0.13777	0.12753
16	1.04485	-0.47546	-0.32268	-0.2496	-0.03899	0.20415	0.46229	0.4082	0.74994	0.894	0.94975	1.44657	2.52212	3.66116	5.90897	8.41876	11.24191	14.19076	16.27204	17.38304	18.03362	16.91465	14.83113	12.76844	10.10928	7.93015	7.13963	6.01051	6.03196	6.64583	7.24635	7.66572	8.25102	8.2683	8.57939	9.03315	9.03531	8.58587	8.2791	8.2791	8.58587	9.03531	9.03315	8.57939	8.2683	8.25102	7.66572	7.24635	6.64583	6.03196	6.01051	7.13963	7.93015	10.10928	12.76844	14.83113	16.91465	18.03362	17.38304	16.27204	14.19076	11.24191	8.41876	5.90897	3.66116	2.52212	1.44657	0.94975	0.894	0.74994	0.4082	0.46229	0.20415	-0.03899	-0.2496	-0.32268	-0.47546
17	0.34049	0.06343	0.09507	0.11002	0.16219	0.23925	0.34484	0.38897	0.20919	0.64424	1.12508	1.75206	2.83044	4.53841	6.88379	9.24483	11.71448	13.96136	15.19453	15.43576	14.57809	13.34246	11.2734	9.32008	7.62364	6.41108	5.66483	5.42511	6.22927	6.97398	7.19409	7.71984	8.16552	8.3563	8.54238	8.67266	8.6965	8.61393	8.47555	8.47555	8.61393	8.6965	8.67266	8.54238	8.3563	8.16552	7.71984	7.19409	6.97398	6.22927	5.42511	5.66483	6.41108	7.62364	9.32008	11.2734	13.34246	14.57809	15.43576	15.19453	13.96136	11.71448	9.24483	6.88379	4.53841	2.83044	1.75206	1.12508	0.64424	0.20919	0.38897	0.34484	0.23925	0.16219	0.11002	0.09507	0.06343
18	0.75357	0.10418	0.14111	0.12582	0.17791	0.26728	0.39993	0.30956	0.6218	0.96166	1.65953	2.2771	3.60777	5.00174	6.85424	8.87213	10.95324	12.18809	12.5556	12.28881	11.23785	10.17756	8.89818	7.33517	6.74032	5.56177	5.9531	5.74664	6.52064	7.07792	7.9286	7.59819	7.69606	8.21227	8.39822	8.464	8.52852	8.59179	8.53489	8.53489	8.59179	8.52852	8.464	8.39822	8.21227	7.69606	7.59819	7.9286	7.07792	6.52064	5.74664	5.9531	5.56177	6.74032	7.33517	8.89818	10.17756	11.23785	12.28881	12.5556	12.18809	10.95324	8.87213	6.85424	5.00174	3.60777	2.2771	1.65953	0.96166	0.6218	0.30956	0.39993	0.26728	0.17791	0.12582	0.14111	0.10418
19	1.44624	-0.29992	-0.17818	-0.16724	0.00398	0.22994	0.50318	0.46615	0.95436	1.40453	2.11748	2.85995	3.93096	5.10018	6.93807	8.10861	9.4505	10.01322	10.1101	9.65429	9.05428	8.24179	7.35743	6.47093	6.16806	5.80887	6.20067	5.91361	6.64371	6.93039	7.25579	6.96842	6.84858	7.1825	7.41683	7.73891	7.78065	7.54204	7.39121	7.39121	7.54204	7.78065	7.73891	7.41683	7.1825	6.84858	6.96842	7.25579	6.93039	6.64371	5.91361	6.20067	5.80887	6.16806	6.47093	7.35743	8.24179	9.05428	9.65429	10.1101	10.01322	9.4505	8.10861	6.93807	5.10018	3.93096	2.85995	2.11748	1.40453	0.95436	0.46615	0.50318	0.22994	0.00398	-0.16724	-0.17818	-0.29992
20	0.95813	0.18282	0.19347	0.13723	0.16305	0.24186	0.38607	0.47808	0.92298	1.32448	1.69651	2.6928	4.12075	5.49119	6.68379	7.69138	8.88479	8.97294	9.00736	8.54619	7.99681	6.8352	6.01056	5.6588	5.81384	5.74539	6.13657	6.51304	6.94294	6.83414	7.54216	7.7936	7.00932	7.16909	7.18602	7.27162	7.29159	7.24592	7.26895	7.26895	7.24592	7.29159	7.27162	7.18602	7.16909	7.00932	7.7936	7.54216	6.83414	6.94294	6.51304	6.13657	5.74539	5.81384	5.6588	6.01056	6.8352	7.99681	8.54619	9.00736	8.97294	8.88479	7.69138	6.68379	5.49119	4.12075	2.6928	1.69651	1.32448	0.92298	0.47808	0.38607	0.24186	0.16305	0.13723	0.19347	0.18282
21	0.64787	0.00391	0.08746	0.13402	0.25443	0.41127	0.60494	0.60973	0.83445	1.53065	1.77115	2.83688	3.9219	4.87118	5.89421	6.61065	7.34028	7.58715	7.28596	7.06132	6.6874	6.41862	5.97111	6.30793	6.3707	6.3313	6.62466	6.50223	6.79393	7.04631	6.70076	7.17134	7.10667	7.17942	7.27767	7.42803	7.43712	7.30495	7.22489	7.22489	7.30495	7.43712	7.42803	7.27767	7.17942	7.10667	7.17134	6.70076	7.04631	6.79393	6.50223	6.62466	6.3313	6.3707	6.30793	5.97111	6.41862	6.6874	7.06132	7.28596	7.58715	7.34028	6.61065	5.89421	4.87118	3.9219	2.83688	1.77115	1.53065	0.83445	0.60973	0.60494	0.41127	0.25443	0.13402	0.08746	0.00391
22	1.00711	-0.43131	-0.20219	-0.04357	0.24935	0.56648	0.88477	0.75443	1.10916	1.33684	2.23814	2.73734	3.47231	4.42793	5.02877	5.5737	6.25997	6.33498	6.10447	5.50563	5.97289	5.72217	5.91645	6.24318	6.39167	6.63523	6.95548	7.0762	7.43924	7.38584	7.43858	7.28455	7.61386	7.25786	7.17316	7.14984	7.10534	7.03966	7.03537	7.03537	7.03966	7.10534	7.14984	7.17316	7.25786	7.61386	7.28455	7.43858	7.38584	7.43924	7.0762	6.95548	6.63523	6.39167	6.24318	5.91645	5.72217	5.97289	5.50563	6.10447	6.33498	6.25997	5.5737	5.02877	4.42793	3.47231	2.73734	2.23814	1.33684	1.10916	0.75443	0.88477	0.56648	0.24935	-0.04357	-0.20219	-0.43131
23	0.06157	-0.14235	-0.02792	0.10997	0.29855	0.51678	0.75899	0.80755	1.1116	1.72325	2.18419	2.76328	3.38349	3.77224	4.36837	4.57344	4.87542	5.26317	5.23484	5.15217	5.74267	5.83317	6.1438	6.77264	7.00638	7.05994	7.3024	6.88467	7.46917	7.36337	7.51345	7.05838	7.62958	7.46831	7.49353	7.54375	7.5236	7.43306	7.36752	7.36752	7.43306	7.5236	7.54375	7.49353	7.46831	7.62958	7.05838	7.51345	7.36337	7.46917	6.88467	7.3024	7.05994	7.00638	6.77264	6.1438	5.83317	5.74267	5.15217	5.23484	5.26317	4.87542	4.57344	4.36837	3.77224	3.38349	2.76328	2.18419	1.72325	1.1116	0.80755	0.75899	0.51678	0.29855	0.10997	-0.02792	-0.14235
24	1.03205	-0.31928	-0.15588	-0.06707	0.14816	0.39634	0.66324	0.67268	1.17273	1.30794	1.7269	2.3066	2.7296	3.09352	3.66987	4.01959	4.50683	4.82067	5.25013	4.78053	5.50783	5.99787	6.30158	6.86336	7.06492	7.14086	7.4307	7.43336	7.93396	7.88862	7.43427	6.69669	7.09807	6.99337	6.99538	7.03049	7.0174	6.95612	6.92793	6.92793	6.95612	7.0174	7.03049	6.99538	6.99337	7.09807	6.69669	7.43427	7.88862	7.93396	7.43336	7.4307	7.14086	7.06492	6.86336	6.30158	5.99787	5.50783	4.78053	5.25013	4.82067	4.50683	4.01959	3.66987	3.09352	2.7296	2.3066	1.7269	1.30794	1.17273	0.67268	0.66324	0.39634	0.14816	-0.06707	-0.15588	-0.31928
25	0.70767	-0.03876	0.04918	0.08997	0.20679	0.35376	0.52864	0.68523	0.78775	1.10114	1.55464	2.03634	2.41123	2.58231	3.14587	3.54031	4.02398	4.2071	4.39868	4.59526	4.93511	5.40875	6.22156	6.54575	7.18443	7.46029	7.97248	8.04808	8.04222	7.87486	8.17673	7.93523	7.63135	7.84229	7.92022	8.03952	8.06588	7.99933	7.97413	7.97413	7.99933	8.06588	8.03952	7.92022	7.84229	7.63135	7.93523	8.17673	7.87486	8.04222	8.04808	7.97248	7.46029	7.18443	6.54575	6.22156	5.40875	4.93511	4.59526	4.39868	4.2071	4.02398	3.54031	3.14587	2.58231	2.41123	2.03634	1.55464	1.10114	0.78775	0.68523	0.52864	0.35376	0.20679	0.08997	0.04918	-0.03876
26	1.21255	-0.5447	-0.31752	-0.18877	0.08868	0.38334	0.66781	0.74693	0.71519	1.00322	1.00611	1.35282	1.84008	2.22842	2.65757	2.80077	3.54655	4.03199	4.38627	4.66432	4.91774	5.77286	6.03947	6.81843	7.74424	7.74693	8.14628	8.16635	8.37323	8.4018	8.53647	7.93621	8.17299	8.22558	8.28011	8.34801	8.35459	8.29984	8.25845	8.25845	8.29984	8.35459	8.34801	8.28011	8.22558	8.17299	7.93621	8.53647	8.4018	8.37323	8.16635	8.14628	7.74693	7.74424	6.81843	6.03947	5.77286	4.91774	4.66432	4.38627	4.03199	3.54655	2.80077	2.65757	2.22842	1.84008	1.35282	1.00611	1.00322	0.71519	0.74693	0.66781	0.38334	0.08868	-0.18877	-0.31752	-0.5447
27	0.22464	-0.17882	-0.1742	0.03913	0.23001	0.43521	0.62264	0.65683	0.63746	0.80607	1.10563	1.12917	1.33101	2.03727	2.06442	2.72586	3.04788	3.904	4.28861	4.58722	5.2684	6.05996	6.45171	6.91544	7.41406	7.83631	7.88793	8.32979	8.25202	8.55185	8.47724	8.39109	8.53216	8.51037	8.5596	8.65588	8.65316	8.55143	8.49675	8.49675	8.55143	8.65316	8.65588	8.5596	8.51037	8.53216	8.39109	8.47724	8.55185	8.25202	8.32979	7.88793	7.83631	7.41406	6.91544	6.45171	6.05996	5.2684	4.58722	4.28861	3.904	3.04788	2.72586	2.06442	2.03727	1.33101	1.12917	1.10563	0.80607	0.63746	0.65683	0.62264	0.43521	0.23001	0.03913	-0.1742	-0.17882
28	1.05345	-0.29195	-0.3499	-0.18026	0.07654	0.33452	0.58299	0.72442	0.57023	0.86193	0.90882	1.25204	1.37722	1.61835	1.80307	2.07614	2.66865	3.55851	3.81119	4.44257	5.19863	6.19258	6.61115	7.34459	7.84599	8.06882	8.37237	8.11191	8.45535	8.50997	8.23471	8.73997	9.19078	9.31672	9.51194	9.72393	9.73966	9.55917	9.39544	9.39544	9.55917	9.73966	9.72393	9.51194	9.31672	9.19078	8.73997	8.23471	8.50997	8.45535	8.11191	8.37237	8.06882	7.84599	7.34459	6.61115	6.19258	5.19863	4.44257	3.81119	3.55851	2.66865	2.07614	1.80307	1.61835	1.37722	1.25204	0.90882	0.86193	0.57023	0.72442	0.58299	0.33452	0.07654	-0.18026	-0.3499	-0.29195
29	0.87317	-0.33887	-0.21715	-0.16932	-0.02137	0.14145	0.30401	0.3037	0.21449	0.60129	0.83207	1.27714	1.28343	1.74873	1.99688	2.50479	2.92201	3.60603	4.03775	4.0831	5.019	5.73318	6.33113	6.68523	7.27616	8.00338	8.42067	8.63353	8.76734	9.08288	9.01675	8.38689	8.89366	8.63982	8.67835	8.83472	8.80298	8.58315	8.48116	8.48116	8.58315	8.80298	8.83472	8.67835	8.63982	8.89366	8.38689	9.01675	9.08288	8.76734	8.63353	8.42067	8.00338	7.27616	6.68523	6.33113	5.73318	5.019	4.0831	4.03775	3.60603	2.92201	2.50479	1.99688	1.74873	1.28343	1.27714	0.83207	0.60129	0.21449	0.3037	0.30401	0.14145	-0.02137	-0.16932	-0.21715	-0.33887
30	1.07684	-0.01813	0.01641	-0.04455	-0.0199	0.03075	0.10786	0.33408	0.00758	0.43348	0.65794	0.98975	1.01026	1.57706	2.01635	2.34582	2.83314	3.36126	3.82789	4.19744	4.7608	5.46782	5.89369	6.5064	6.60506	7.63904	7.69608	7.98744	8.5507	8.68228	9.13894	9.30892	10.1757	10.39648	10.58321	10.65098	10.67858	10.66601	10.53447	10.53447	10.66601	10.67858	10.65098	10.58321	10.39648	10.1757	9.30892	9.13894	8.68228	8.5507	7.98744	7.69608	7.63904	6.60506	6.5064	5.89369	5.46782	4.7608	4.19744	3.82789	3.36126	2.83314	2.34582	2.01635	1.57706	1.01026	0.98975	0.65794	0.43348	0.00758	0.33408	0.10786	0.03075	-0.0199	-0.04455	0.01641	-0.01813
31	0.3791	0.07138	0.14557	0.18755	0.25111	0.3114	0.36402	0.28976	0.29313	0.38887	0.55078	0.70265	0.73742	1.17022	1.47966	1.92872	2.40487	2.98684	3.59112	4.23488	4.85173	5.45815	5.9875	6.75487	6.98224	7.40242	7.69191	8.06014	8.12616	8.88756	9.13844	9.42183	9.50126	9.88468	10.15706	10.46446	10.51239	10.30085	10.12432	10.12432	10.30085	10.51239	10.46446	10.15706	9.88468	9.50126	9.42183	9.13844	8.88756	8.12616	8.06014	7.69191	7.40242	6.98224	6.75487	5.9875	5.45815	4.85173	4.23488	3.59112	2.98684	2.40487	1.92872	1.47966	1.17022	0.73742	0.70265	0.55078	0.38887	0.29313	0.28976	0.36402	0.3114	0.25111	0.18755	0.14557	0.07138
32	0.10636	-0.00575	0.08078	0.16185	0.25286	0.33578	0.40296	0.3223	0.21996	0.39657	0.64538	0.77667	0.9317	1.1587	1.35915	1.62071	2.20732	2.97702	3.10494	3.72461	4.35723	5.13138	5.81873	6.377	6.71791	7.08976	7.29673	7.50738	7.96193	8.45462	8.65717	9.07023	9.32572	9.72246	10.0209	10.3324	10.38199	10.16968	9.97041	9.97041	10.16968	10.38199	10.3324	10.0209	9.72246	9.32572	9.07023	8.65717	8.45462	7.96193	7.50738	7.29673	7.08976	6.71791	6.377	5.81873	5.13138	4.35723	3.72461	3.10494	2.97702	2.20732	1.62071	1.35915	1.1587	0.9317	0.77667	0.64538	0.39657	0.21996	0.3223	0.40296	0.33578	0.25286	0.16185	0.08078	-0.00575
33	0.76438	-0.20344	-0.14779	-0.15831	-0.08942	-0.00149	0.09911	0.09934	0.25467	0.35163	0.47756	0.78446	0.91427	1.21883	1.37142	1.61354	1.9382	2.52027	3.03284	3.47887	4.11769	4.79776	5.48204	6.00977	6.29107	6.8316	7.12244	7.52011	7.92291	8.23501	8.96129	8.87833	9.28119	9.55648	9.83655	10.17077	10.20519	9.93979	9.72855	9.72855	9.93979	10.20519	10.17077	9.83655	9.55648	9.28119	8.87833	8.96129	8.23501	7.92291	7.52011	7.12244	6.8316	6.29107	6.00977	5.48204	4.79776	4.11769	3.47887	3.03284	2.52027	1.9382	1.61354	1.37142	1.21883	0.91427	0.78446	0.47756	0.35163	0.25467	0.09934	0.09911	-0.00149	-0.08942	-0.15831	-0.14779	-0.20344
34	0.09621	0.0635	0.08822	0.10704	0.12975	0.15318	0.17722	0.08638	0.15067	0.2397	0.52994	0.62942	0.7656	1.02708	1.11618	1.6067	1.68811	2.5196	2.71997	3.29706	3.82531	4.39446	5.04252	5.3274	6.17938	6.41662	6.79798	7.14175	7.10981	7.9115	8.34302	8.83137	8.72643	9.03917	9.30032	9.64725	9.68633	9.41759	9.23462	9.23462	9.41759	9.68633	9.64725	9.30032	9.03917	8.72643	8.83137	8.34302	7.9115	7.10981	7.14175	6.79798	6.41662	6.17938	5.3274	5.04252	4.39446	3.82531	3.29706	2.71997	2.5196	1.68811	1.6067	1.11618	1.02708	0.7656	0.62942	0.52994	0.2397	0.15067	0.08638	0.17722	0.15318	0.12975	0.10704	0.08822	0.0635
35	0.23677	-0.05978	0.00756	0.0554	0.12637	0.19434	0.25238	0.10319	0.24435	0.38778	0.23971	0.55008	0.79908	0.75021	0.99768	1.24357	1.47932	2.28504	2.27136	2.63667	3.51447	4.00184	4.08631	5.04657	5.1428	5.61353	5.76711	6.08589	6.53167	7.64245	7.43175	7.82177	9.04578	9.14569	9.39502	9.58064	9.59313	9.4325	9.20813	9.20813	9.4325	9.59313	9.58064	9.39502	9.14569	9.04578	7.82177	7.43175	7.64245	6.53167	6.08589	5.76711	5.61353	5.1428	5.04657	4.08631	4.00184	3.51447	2.63667	2.27136	2.28504	1.47932	1.24357	0.99768	0.75021	0.79908	0.55008	0.23971	0.38778	0.24435	0.10319	0.25238	0.19434	0.12637	0.0554	0.00756	-0.05978
36	1.26198	-0.20943	-0.07469	-0.05848	0.06254	0.18753	0.30105	0.26841	0.33532	0.11011	0.04232	0.36073	0.35448	0.48094	0.72997	1.17051	1.50544	1.83074	2.13359	2.53387	2.73677	3.18361	3.60681	4.39238	4.90248	5.27594	5.57908	6.06691	6.30817	6.9594	7.34821	7.43465	7.7261	8.07632	8.35425	8.65897	8.70274	8.48558	8.2952	8.2952	8.48558	8.70274	8.65897	8.35425	8.07632	7.7261	7.43465	7.34821	6.9594	6.30817	6.06691	5.57908	5.27594	4.90248	4.39238	3.60681	3.18361	2.73677	2.53387	2.13359	1.83074	1.50544	1.17051	0.72997	0.48094	0.35448	0.36073	0.04232	0.11011	0.33532	0.26841	0.30105	0.18753	0.06254	-0.05848	-0.07469	-0.20943
37	0.4634	0.15537	0.17542	0.14786	0.13286	0.11327	0.09	-0.08276	-0.04349	0.02606	0.19263	0.48035	0.30533	0.59641	0.77632	0.93445	0.93266	1.60012	1.57739	1.86418	2.51801	2.95337	3.53389	3.77483	4.20425	4.83115	4.70356	4.58413	5.10242	5.85208	6.1589	6.95215	7.53363	8.10591	8.52273	8.8802	8.95173	8.73733	8.46358	8.46358	8.73733	8.95173	8.8802	8.52273	8.10591	7.53363	6.95215	6.1589	5.85208	5.10242	4.58413	4.70356	4.83115	4.20425	3.77483	3.53389	2.95337	2.51801	1.86418	1.57739	1.60012	0.93266	0.93445	0.77632	0.59641	0.30533	0.48035	0.19263	0.02606	-0.04349	-0.08276	0.09	0.11327	0.13286	0.14786	0.17542	0.15537
38	0.74651	-0.31625	-0.18922	-0.13023	0.00938	0.14938	0.2723	0.21481	0.21961	0.32258	0.2213	0.56795	0.41051	0.51025	0.54519	0.84672	0.90614	1.46883	1.0056	1.36572	1.6949	2.46006	2.45956	3.28161	3.31818	3.93181	4.28285	4.44698	5.07353	5.619	5.18612	5.77757	6.21208	6.54503	6.87377	7.24345	7.28507	6.99863	6.75312	6.75312	6.99863	7.28507	7.24345	6.87377	6.54503	6.21208	5.77757	5.18612	5.619	5.07353	4.44698	4.28285	3.93181	3.31818	3.28161	2.45956	2.46006	1.6949	1.36572	1.0056	1.46883	0.90614	0.84672	0.54519	0.51025	0.41051	0.56795	0.2213	0.32258	0.21961	0.21481	0.2723	0.14938	0.00938	-0.13023	-0.18922	-0.31625
39	1.09781	-0.47349	-0.40415	-0.28422	-0.08812	0.11298	0.28448	0.09775	0.11376	0.18674	0.25016	0.44998	0.36328	0.14547	0.33402	0.54973	0.7313	1.28344	1.25052	1.4728	1.76798	2.05318	2.38906	2.9438	2.97828	3.05698	3.37434	3.62276	3.93596	4.48111	4.83823	4.97055	5.12762	5.33482	5.50228	5.68659	5.71248	5.57999	5.46431	5.46431	5.57999	5.71248	5.68659	5.50228	5.33482	5.12762	4.97055	4.83823	4.48111	3.93596	3.62276	3.37434	3.05698	2.97828	2.9438	2.38906	2.05318	1.76798	1.4728	1.25052	1.28344	0.7313	0.54973	0.33402	0.14547	0.36328	0.44998	0.25016	0.18674	0.11376	0.09775	0.28448	0.11298	-0.08812	-0.28422	-0.40415	-0.47349
40	0.1313	0	-0.02861	0	0.01908	0.21757	0.27198	0.13492	-0.01124	0.22028	0.01288	0.23026	-0.03943	0.0404	0.13615	0.17524	0.466	1.03186	0.93272	1.13634	1.10228	1.57836	1.37101	2.19404	1.87071	2.34959	2.37555	2.60038	3.04329	3.97183	3.91359	4.35235	3.86387	4.3441	4.58766	4.89078	4.95081	4.76775	4.64424	4.64424	4.76775	4.95081	4.89078	4.58766	4.3441	3.86387	4.35235	3.91359	3.97183	3.04329	2.60038	2.37555	2.34959	1.87071	2.19404	1.37101	1.57836	1.10228	1.13634	0.93272	1.03186	0.466	0.17524	0.13615	0.0404	-0.03943	0.23026	0.01288	0.22028	-0.01124	0.13492	0.27198	0.21757	0.01908	0	-0.02861	0
41	1.41865	-0.35734	-0.31291	-0.25312	-0.17387	-0.09949	-0.04249	0.02336	-0.00557	-0.09567	0.09498	0.27241	-0.08668	0.19561	0.21541	0.37722	0.39772	0.74838	0.61513	0.98239	0.92211	1.14257	1.37295	1.80608	1.3478	1.96589	1.57566	1.62527	1.74645	2.48926	2.5089	3.3912	3.42602	3.9671	4.23061	4.40394	4.47158	4.43352	4.30528	4.30528	4.43352	4.47158	4.40394	4.23061	3.9671	3.42602	3.3912	2.5089	2.48926	1.74645	1.62527	1.57566	1.96589	1.3478	1.80608	1.37295	1.14257	0.92211	0.98239	0.61513	0.74838	0.39772	0.37722	0.21541	0.19561	-0.08668	0.27241	0.09498	-0.09567	-0.00557	0.02336	-0.04249	-0.09949	-0.17387	-0.25312	-0.31291	-0.35734
42	0.34975	-0.10184	-0.07674	0	0	0.04424	0.11418	0	-0.00937	-0.07253	-0.06103	0.1158	-0.16465	-0.17371	0.11786	0.09913	0.18058	0.83627	0.58315	0.70597	0.76064	0.7525	0.88533	1.39959	0.85144	1.14347	1.39949	1.11523	1.38884	2.2508	1.89065	2.44437	2.21009	2.59078	2.7533	2.88843	2.93602	2.89606	2.82872	2.82872	2.89606	2.93602	2.88843	2.7533	2.59078	2.21009	2.44437	1.89065	2.2508	1.38884	1.11523	1.39949	1.14347	0.85144	1.39959	0.88533	0.7525	0.76064	0.70597	0.58315	0.83627	0.18058	0.09913	0.11786	-0.17371	-0.16465	0.1158	-0.06103	-0.07253	-0.00937	0	0.11418	0.04424	0	0	-0.07674	-0.10184
43	1.08501	0	0	0	0	0	0	-0.02469	-0.07878	-0.17759	-0.08076	-0.02016	-0.03486	0.12979	0.15604	0.02827	0.0165	0.48345	0.31475	0.48859	0.32262	0.58549	0.29325	0.82431	0.37657	0.9336	0.38702	0.21597	0.27997	1.05311	0.84823	1.90903	1.38478	1.82604	1.97881	2.09376	2.14892	2.14428	2.10182	2.10182	2.14428	2.14892	2.09376	1.97881	1.82604	1.38478	1.90903	0.84823	1.05311	0.27997	0.21597	0.38702	0.9336	0.37657	0.82431	0.29325	0.58549	0.32262	0.48859	0.31475	0.48345	0.0165	0.02827	0.15604	0.12979	-0.03486	-0.02016	-0.08076	-0.17759	-0.07878	-0.02469	0	0	0	0	0	0
44	0.90384	-0.12878	-0.14391	-0.11228	-0.06922	-0.02435	0	-0.02199	0	-0.01193	0	0.0402	-0.22785	-0.21829	-0.21164	-0.15927	-0.15599	0.15051	0.1164	0.3254	0.18113	0.45226	0.01004	0.09409	-0.54684	0.11688	-0.20516	-0.08299	0.01518	0.76274	0.34208	1.26162	0.6485	0.96312	1.06743	1.07594	1.11527	1.18542	1.15976	1.15976	1.18542	1.11527	1.07594	1.06743	0.96312	0.6485	1.26162	0.34208	0.76274	0.01518	-0.08299	-0.20516	0.11688	-0.54684	0.09409	0.01004	0.45226	0.18113	0.3254	0.1164	0.15051	-0.15599	-0.15927	-0.21164	-0.21829	-0.22785	0.0402	0	-0.01193	0	-0.02199	0	-0.02435	-0.06922	-0.11228	-0.14391	-0.12878
45	0.02913	-0.0665	-0.05756	-0.04451	-0.00874	0.03908	0.06436	0.05124	0.02581	0.03207	0.01013	0.00109	0	0	-0.0243	-0.04397	-0.03128	-0.03487	-0.01791	-0.03361	0	0	0	0	0.01244	0.04549	0	0.06344	0.00145	0.03963	-0.03564	0.11231	0.06322	0.10371	0.10908	0.1061	0.11116	0.12427	0.12902	0.12902	0.12427	0.11116	0.1061	0.10908	0.10371	0.06322	0.11231	-0.03564	0.03963	0.00145	0.06344	0	0.04549	0.01244	0	0	0	0	-0.03361	-0.01791	-0.03487	-0.03128	-0.04397	-0.0243	0	0	0.00109	0.01013	0.03207	0.02581	0.05124	0.06436	0.03908	-0.00874	-0.04451	-0.05756	-0.0665
